# distance  frequency (bands are separated by blank lines)
# End points of segments: 
#   0.00000000 0.14210520 0.28421040 0.42631560 0.67244900 
0.000000 -0.000000
0.001421 0.051062
0.002842 0.102122
0.004263 0.153179
0.005684 0.204230
0.007105 0.255274
0.008526 0.306308
0.009947 0.357332
0.011368 0.408343
0.012790 0.459340
0.014210 0.510320
0.015632 0.561282
0.017053 0.612224
0.018474 0.663143
0.019895 0.714039
0.021316 0.764909
0.022737 0.815752
0.024158 0.866565
0.025579 0.917346
0.027000 0.968094
0.028421 1.018807
0.029842 1.069482
0.031263 1.120118
0.032684 1.170713
0.034105 1.221264
0.035526 1.271770
0.036947 1.322229
0.038368 1.372638
0.039789 1.422995
0.041210 1.473299
0.042632 1.523547
0.044053 1.573737
0.045474 1.623867
0.046895 1.673934
0.048316 1.723937
0.049737 1.773873
0.051158 1.823740
0.052579 1.873536
0.054000 1.923258
0.055421 1.972904
0.056842 2.022472
0.058263 2.071959
0.059684 2.121362
0.061105 2.170681
0.062526 2.219911
0.063947 2.269051
0.065368 2.318098
0.066789 2.367049
0.068210 2.415902
0.069631 2.464655
0.071053 2.513304
0.072474 2.561847
0.073895 2.610282
0.075316 2.658606
0.076737 2.706815
0.078158 2.754908
0.079579 2.802882
0.081000 2.850733
0.082421 2.898459
0.083842 2.946057
0.085263 2.993525
0.086684 3.040859
0.088105 3.088056
0.089526 3.135114
0.090947 3.182030
0.092368 3.228800
0.093789 3.275422
0.095211 3.321893
0.096631 3.368209
0.098053 3.414368
0.099474 3.460366
0.100895 3.506201
0.102316 3.551868
0.103737 3.597366
0.105158 3.642691
0.106579 3.687840
0.108000 3.732809
0.109421 3.777596
0.110842 3.822197
0.112263 3.866609
0.113684 3.910828
0.115105 3.954852
0.116526 3.998677
0.117947 4.042300
0.119368 4.085718
0.120789 4.128927
0.122210 4.171924
0.123632 4.214705
0.125053 4.257268
0.126474 4.299609
0.127895 4.341724
0.129316 4.383610
0.130737 4.425265
0.132158 4.466684
0.133579 4.507864
0.135000 4.548801
0.136421 4.589494
0.137842 4.629937
0.139263 4.670128
0.140684 4.710063
0.142105 4.749739

0.142105 4.749739
0.143526 4.749401
0.144947 4.748389
0.146368 4.746709
0.147789 4.744368
0.149210 4.741379
0.150632 4.737755
0.152053 4.733514
0.153474 4.728676
0.154895 4.723264
0.156316 4.717302
0.157737 4.710817
0.159158 4.703838
0.160579 4.696395
0.162000 4.688518
0.163421 4.680239
0.164842 4.671592
0.166263 4.662610
0.167684 4.653327
0.169105 4.643776
0.170526 4.633992
0.171947 4.624007
0.173368 4.613857
0.174789 4.603573
0.176210 4.593188
0.177631 4.582735
0.179053 4.572244
0.180474 4.561748
0.181895 4.551274
0.183316 4.540854
0.184737 4.530515
0.186158 4.520285
0.187579 4.510191
0.189000 4.500258
0.190421 4.490513
0.191842 4.480978
0.193263 4.471678
0.194684 4.462636
0.196105 4.453872
0.197526 4.445407
0.198947 4.437263
0.200368 4.429457
0.201789 4.422008
0.203210 4.414934
0.204631 4.408251
0.206052 4.401974
0.207474 4.396120
0.208895 4.390702
0.210316 4.385734
0.211737 4.381228
0.213158 4.377195
0.214579 4.373648
0.216000 4.370596
0.217421 4.368048
0.218842 4.366014
0.220263 4.364502
0.221684 4.363518
0.223105 4.363068
0.224526 4.363160
0.225947 4.363797
0.227368 4.364985
0.228789 4.366725
0.230210 4.369023
0.231631 4.371879
0.233052 4.375295
0.234474 4.379273
0.235895 4.383812
0.237316 4.388912
0.238737 4.394572
0.240158 4.400791
0.241579 4.407567
0.243000 4.414896
0.244421 4.422775
0.245842 4.431202
0.247263 4.440171
0.248684 4.449677
0.250105 4.459717
0.251526 4.470283
0.252947 4.481370
0.254368 4.492971
0.255789 4.505080
0.257210 4.517690
0.258632 4.530791
0.260053 4.544378
0.261474 4.558441
0.262895 4.572972
0.264316 4.587963
0.265737 4.603403
0.267158 4.619285
0.268579 4.635598
0.270000 4.652333
0.271421 4.669481
0.272842 4.687030
0.274263 4.704971
0.275684 4.723294
0.277105 4.741988
0.278526 4.761043
0.279947 4.780448
0.281368 4.800193
0.282789 4.820268
0.284210 4.840660

0.284210 4.840660
0.285631 4.840678
0.287052 4.840732
0.288474 4.840821
0.289895 4.840946
0.291316 4.841107
0.292737 4.841303
0.294158 4.841534
0.295579 4.841800
0.297000 4.842101
0.298421 4.842436
0.299842 4.842805
0.301263 4.843207
0.302684 4.843643
0.304105 4.844112
0.305526 4.844613
0.306947 4.845146
0.308368 4.845710
0.309789 4.846305
0.311210 4.846930
0.312631 4.847585
0.314053 4.848268
0.315474 4.848980
0.316895 4.849719
0.318316 4.850484
0.319737 4.851276
0.321158 4.852093
0.322579 4.852934
0.324000 4.853798
0.325421 4.854685
0.326842 4.855594
0.328263 4.856524
0.329684 4.857473
0.331105 4.858442
0.332526 4.859428
0.333947 4.860432
0.335368 4.861451
0.336789 4.862485
0.338210 4.863534
0.339631 4.864595
0.341052 4.865668
0.342473 4.866752
0.343895 4.867845
0.345316 4.868947
0.346737 4.870057
0.348158 4.871173
0.349579 4.872294
0.351000 4.873420
0.352421 4.874548
0.353842 4.875679
0.355263 4.876810
0.356684 4.877941
0.358105 4.879071
0.359526 4.880198
0.360947 4.881322
0.362368 4.882441
0.363789 4.883554
0.365210 4.884661
0.366631 4.885759
0.368053 4.886848
0.369474 4.887927
0.370895 4.888995
0.372316 4.890051
0.373737 4.891093
0.375158 4.892121
0.376579 4.893134
0.378000 4.894130
0.379421 4.895110
0.380842 4.896071
0.382263 4.897013
0.383684 4.897934
0.385105 4.898835
0.386526 4.899714
0.387947 4.900570
0.389368 4.901403
0.390789 4.902211
0.392210 4.902995
0.393631 4.903752
0.395052 4.904483
0.396473 4.905186
0.397895 4.905861
0.399316 4.906508
0.400737 4.907126
0.402158 4.907713
0.403579 4.908270
0.405000 4.908796
0.406421 4.909291
0.407842 4.909753
0.409263 4.910183
0.410684 4.910580
0.412105 4.910944
0.413526 4.911275
0.414947 4.911571
0.416368 4.911833
0.417789 4.912061
0.419210 4.912254
0.420631 4.912413
0.422052 4.912536
0.423474 4.912624
0.424895 4.912677
0.426316 4.912694

0.426316 4.912694
0.428777 4.911945
0.431238 4.909699
0.433700 4.905958
0.436161 4.900724
0.438622 4.894003
0.441084 4.885801
0.443545 4.876125
0.446006 4.864982
0.448468 4.852382
0.450929 4.838337
0.453390 4.822857
0.455852 4.805954
0.458313 4.787643
0.460774 4.767936
0.463236 4.746850
0.465697 4.724398
0.468158 4.700598
0.470620 4.675465
0.473081 4.649017
0.475542 4.621270
0.478004 4.592241
0.480465 4.561948
0.482926 4.530409
0.485388 4.497642
0.487849 4.463663
0.490310 4.428490
0.492772 4.392141
0.495233 4.354634
0.497694 4.315985
0.500156 4.276211
0.502617 4.235330
0.505078 4.193359
0.507540 4.150313
0.510001 4.106211
0.512462 4.061069
0.514924 4.014902
0.517385 3.967729
0.519846 3.919566
0.522308 3.870429
0.524769 3.820337
0.527230 3.769307
0.529692 3.717356
0.532153 3.664504
0.534614 3.610769
0.537076 3.556170
0.539537 3.500728
0.541998 3.444464
0.544460 3.387399
0.546921 3.329556
0.549382 3.270958
0.551844 3.211629
0.554305 3.151595
0.556766 3.090881
0.559228 3.029515
0.561689 2.967525
0.564150 2.904940
0.566612 2.841789
0.569073 2.778103
0.571534 2.713914
0.573996 2.649255
0.576457 2.584157
0.578918 2.518655
0.581380 2.452783
0.583841 2.386574
0.586302 2.320064
0.588764 2.253287
0.591225 2.186277
0.593686 2.119070
0.596148 2.051698
0.598609 1.984196
0.601070 1.916595
0.603532 1.848928
0.605993 1.781226
0.608454 1.713518
0.610916 1.645832
0.613377 1.578195
0.615838 1.510631
0.618300 1.443163
0.620761 1.375812
0.623222 1.308597
0.625684 1.241534
0.628145 1.174637
0.630606 1.107918
0.633068 1.041385
0.635529 0.975046
0.637990 0.908903
0.640452 0.842958
0.642913 0.777210
0.645374 0.711655
0.647836 0.646287
0.650297 0.581096
0.652758 0.516073
0.655220 0.451204
0.657681 0.386474
0.660142 0.321867
0.662604 0.257364
0.665065 0.192947
0.667526 0.128595
0.669988 0.064286
0.672449 0.000000


0.000000 -0.000000
0.001421 0.051062
0.002842 0.102122
0.004263 0.153179
0.005684 0.204230
0.007105 0.255274
0.008526 0.306308
0.009947 0.357332
0.011368 0.408343
0.012790 0.459340
0.014210 0.510320
0.015632 0.561282
0.017053 0.612224
0.018474 0.663143
0.019895 0.714039
0.021316 0.764909
0.022737 0.815752
0.024158 0.866565
0.025579 0.917346
0.027000 0.968094
0.028421 1.018807
0.029842 1.069482
0.031263 1.120118
0.032684 1.170713
0.034105 1.221264
0.035526 1.271770
0.036947 1.322229
0.038368 1.372638
0.039789 1.422995
0.041210 1.473299
0.042632 1.523547
0.044053 1.573737
0.045474 1.623867
0.046895 1.673934
0.048316 1.723937
0.049737 1.773873
0.051158 1.823740
0.052579 1.873536
0.054000 1.923258
0.055421 1.972904
0.056842 2.022472
0.058263 2.071959
0.059684 2.121362
0.061105 2.170681
0.062526 2.219911
0.063947 2.269051
0.065368 2.318098
0.066789 2.367049
0.068210 2.415902
0.069631 2.464655
0.071053 2.513304
0.072474 2.561847
0.073895 2.610282
0.075316 2.658606
0.076737 2.706815
0.078158 2.754908
0.079579 2.802882
0.081000 2.850733
0.082421 2.898459
0.083842 2.946057
0.085263 2.993525
0.086684 3.040859
0.088105 3.088056
0.089526 3.135114
0.090947 3.182030
0.092368 3.228800
0.093789 3.275422
0.095211 3.321893
0.096631 3.368209
0.098053 3.414368
0.099474 3.460366
0.100895 3.506201
0.102316 3.551868
0.103737 3.597366
0.105158 3.642691
0.106579 3.687840
0.108000 3.732809
0.109421 3.777596
0.110842 3.822197
0.112263 3.866609
0.113684 3.910828
0.115105 3.954852
0.116526 3.998677
0.117947 4.042300
0.119368 4.085718
0.120789 4.128927
0.122210 4.171924
0.123632 4.214705
0.125053 4.257268
0.126474 4.299609
0.127895 4.341724
0.129316 4.383610
0.130737 4.425265
0.132158 4.466684
0.133579 4.507864
0.135000 4.548801
0.136421 4.589494
0.137842 4.629937
0.139263 4.670128
0.140684 4.710063
0.142105 4.749739

0.142105 4.749739
0.143526 4.749401
0.144947 4.748389
0.146368 4.746709
0.147789 4.744368
0.149210 4.741379
0.150632 4.737755
0.152053 4.733514
0.153474 4.728676
0.154895 4.723264
0.156316 4.717302
0.157737 4.710817
0.159158 4.703838
0.160579 4.696395
0.162000 4.688518
0.163421 4.680239
0.164842 4.671592
0.166263 4.662610
0.167684 4.653327
0.169105 4.643776
0.170526 4.633992
0.171947 4.624007
0.173368 4.613857
0.174789 4.603573
0.176210 4.593188
0.177631 4.582735
0.179053 4.572244
0.180474 4.561748
0.181895 4.551274
0.183316 4.540854
0.184737 4.530515
0.186158 4.520285
0.187579 4.510191
0.189000 4.500258
0.190421 4.490513
0.191842 4.480978
0.193263 4.471678
0.194684 4.462636
0.196105 4.453872
0.197526 4.445407
0.198947 4.437263
0.200368 4.429457
0.201789 4.422008
0.203210 4.414934
0.204631 4.408251
0.206052 4.401974
0.207474 4.396120
0.208895 4.390702
0.210316 4.385734
0.211737 4.381228
0.213158 4.377195
0.214579 4.373648
0.216000 4.370596
0.217421 4.368048
0.218842 4.366014
0.220263 4.364502
0.221684 4.363518
0.223105 4.363068
0.224526 4.363160
0.225947 4.363797
0.227368 4.364985
0.228789 4.366725
0.230210 4.369023
0.231631 4.371879
0.233052 4.375295
0.234474 4.379273
0.235895 4.383812
0.237316 4.388912
0.238737 4.394572
0.240158 4.400791
0.241579 4.407567
0.243000 4.414896
0.244421 4.422775
0.245842 4.431202
0.247263 4.440171
0.248684 4.449677
0.250105 4.459717
0.251526 4.470283
0.252947 4.481370
0.254368 4.492971
0.255789 4.505080
0.257210 4.517690
0.258632 4.530791
0.260053 4.544378
0.261474 4.558441
0.262895 4.572972
0.264316 4.587963
0.265737 4.603403
0.267158 4.619285
0.268579 4.635598
0.270000 4.652333
0.271421 4.669481
0.272842 4.687030
0.274263 4.704971
0.275684 4.723294
0.277105 4.741988
0.278526 4.761043
0.279947 4.780448
0.281368 4.800193
0.282789 4.820268
0.284210 4.840660

0.284210 4.840660
0.285631 4.840678
0.287052 4.840732
0.288474 4.840821
0.289895 4.840946
0.291316 4.841107
0.292737 4.841303
0.294158 4.841534
0.295579 4.841800
0.297000 4.842101
0.298421 4.842436
0.299842 4.842805
0.301263 4.843207
0.302684 4.843643
0.304105 4.844112
0.305526 4.844613
0.306947 4.845146
0.308368 4.845710
0.309789 4.846305
0.311210 4.846930
0.312631 4.847585
0.314053 4.848268
0.315474 4.848980
0.316895 4.849719
0.318316 4.850484
0.319737 4.851276
0.321158 4.852093
0.322579 4.852934
0.324000 4.853798
0.325421 4.854685
0.326842 4.855594
0.328263 4.856524
0.329684 4.857473
0.331105 4.858442
0.332526 4.859428
0.333947 4.860432
0.335368 4.861451
0.336789 4.862485
0.338210 4.863534
0.339631 4.864595
0.341052 4.865668
0.342473 4.866752
0.343895 4.867845
0.345316 4.868947
0.346737 4.870057
0.348158 4.871173
0.349579 4.872294
0.351000 4.873420
0.352421 4.874548
0.353842 4.875679
0.355263 4.876810
0.356684 4.877941
0.358105 4.879071
0.359526 4.880198
0.360947 4.881322
0.362368 4.882441
0.363789 4.883554
0.365210 4.884661
0.366631 4.885759
0.368053 4.886848
0.369474 4.887927
0.370895 4.888995
0.372316 4.890051
0.373737 4.891093
0.375158 4.892121
0.376579 4.893134
0.378000 4.894130
0.379421 4.895110
0.380842 4.896071
0.382263 4.897013
0.383684 4.897934
0.385105 4.898835
0.386526 4.899714
0.387947 4.900570
0.389368 4.901403
0.390789 4.902211
0.392210 4.902995
0.393631 4.903752
0.395052 4.904483
0.396473 4.905186
0.397895 4.905861
0.399316 4.906508
0.400737 4.907126
0.402158 4.907713
0.403579 4.908270
0.405000 4.908796
0.406421 4.909291
0.407842 4.909753
0.409263 4.910183
0.410684 4.910580
0.412105 4.910944
0.413526 4.911275
0.414947 4.911571
0.416368 4.911833
0.417789 4.912061
0.419210 4.912254
0.420631 4.912413
0.422052 4.912536
0.423474 4.912624
0.424895 4.912677
0.426316 4.912694

0.426316 4.912694
0.428777 4.911945
0.431238 4.909699
0.433700 4.905958
0.436161 4.900724
0.438622 4.894003
0.441084 4.885801
0.443545 4.876125
0.446006 4.864982
0.448468 4.852382
0.450929 4.838337
0.453390 4.822857
0.455852 4.805954
0.458313 4.787643
0.460774 4.767936
0.463236 4.746850
0.465697 4.724398
0.468158 4.700598
0.470620 4.675465
0.473081 4.649017
0.475542 4.621270
0.478004 4.592241
0.480465 4.561948
0.482926 4.530409
0.485388 4.497642
0.487849 4.463663
0.490310 4.428490
0.492772 4.392141
0.495233 4.354634
0.497694 4.315985
0.500156 4.276211
0.502617 4.235330
0.505078 4.193359
0.507540 4.150313
0.510001 4.106211
0.512462 4.061069
0.514924 4.014902
0.517385 3.967729
0.519846 3.919566
0.522308 3.870429
0.524769 3.820337
0.527230 3.769307
0.529692 3.717356
0.532153 3.664504
0.534614 3.610769
0.537076 3.556170
0.539537 3.500728
0.541998 3.444464
0.544460 3.387399
0.546921 3.329556
0.549382 3.270958
0.551844 3.211629
0.554305 3.151595
0.556766 3.090881
0.559228 3.029515
0.561689 2.967525
0.564150 2.904940
0.566612 2.841789
0.569073 2.778103
0.571534 2.713914
0.573996 2.649255
0.576457 2.584157
0.578918 2.518655
0.581380 2.452783
0.583841 2.386574
0.586302 2.320064
0.588764 2.253287
0.591225 2.186277
0.593686 2.119070
0.596148 2.051698
0.598609 1.984196
0.601070 1.916595
0.603532 1.848928
0.605993 1.781226
0.608454 1.713518
0.610916 1.645832
0.613377 1.578195
0.615838 1.510631
0.618300 1.443163
0.620761 1.375812
0.623222 1.308597
0.625684 1.241534
0.628145 1.174637
0.630606 1.107918
0.633068 1.041385
0.635529 0.975046
0.637990 0.908903
0.640452 0.842958
0.642913 0.777210
0.645374 0.711655
0.647836 0.646287
0.650297 0.581096
0.652758 0.516073
0.655220 0.451204
0.657681 0.386474
0.660142 0.321867
0.662604 0.257364
0.665065 0.192947
0.667526 0.128595
0.669988 0.064286
0.672449 0.000000


0.000000 0.000000
0.001421 0.073488
0.002842 0.146972
0.004263 0.220451
0.005684 0.293919
0.007105 0.367376
0.008526 0.440816
0.009947 0.514237
0.011368 0.587637
0.012790 0.661010
0.014210 0.734355
0.015632 0.807668
0.017053 0.880945
0.018474 0.954184
0.019895 1.027381
0.021316 1.100532
0.022737 1.173633
0.024158 1.246683
0.025579 1.319676
0.027000 1.392609
0.028421 1.465479
0.029842 1.538281
0.031263 1.611012
0.032684 1.683668
0.034105 1.756246
0.035526 1.828740
0.036947 1.901148
0.038368 1.973465
0.039789 2.045686
0.041210 2.117808
0.042632 2.189826
0.044053 2.261735
0.045474 2.333532
0.046895 2.405212
0.048316 2.476770
0.049737 2.548201
0.051158 2.619501
0.052579 2.690665
0.054000 2.761687
0.055421 2.832564
0.056842 2.903289
0.058263 2.973858
0.059684 3.044265
0.061105 3.114505
0.062526 3.184574
0.063947 3.254464
0.065368 3.324172
0.066789 3.393691
0.068210 3.463016
0.069631 3.532140
0.071053 3.601060
0.072474 3.669767
0.073895 3.738258
0.075316 3.806525
0.076737 3.874562
0.078158 3.942365
0.079579 4.009927
0.081000 4.077241
0.082421 4.144301
0.083842 4.211102
0.085263 4.277637
0.086684 4.343900
0.088105 4.409885
0.089526 4.475585
0.090947 4.540994
0.092368 4.606105
0.093789 4.670913
0.095211 4.735411
0.096631 4.799593
0.098053 4.863452
0.099474 4.926982
0.100895 4.990177
0.102316 5.053030
0.103737 5.115535
0.105158 5.177686
0.106579 5.239476
0.108000 5.300899
0.109421 5.361950
0.110842 5.422621
0.112263 5.482907
0.113684 5.483687
0.115105 5.449893
0.116526 5.415774
0.117947 5.381334
0.119368 5.346574
0.120789 5.311499
0.122210 5.276112
0.123632 5.240416
0.125053 5.204414
0.126474 5.168109
0.127895 5.131505
0.129316 5.094606
0.130737 5.057413
0.132158 5.019931
0.133579 4.982164
0.135000 4.944113
0.136421 4.905783
0.137842 4.867178
0.139263 4.828299
0.140684 4.789152
0.142105 4.749739

0.142105 4.749739
0.143526 4.750003
0.144947 4.750797
0.146368 4.752120
0.147789 4.753971
0.149210 4.756348
0.150632 4.759251
0.152053 4.762678
0.153474 4.766627
0.154895 4.771094
0.156316 4.776079
0.157737 4.781577
0.159158 4.787586
0.160579 4.794102
0.162000 4.801121
0.163421 4.808639
0.164842 4.816652
0.166263 4.825155
0.167684 4.834144
0.169105 4.843613
0.170526 4.853558
0.171947 4.863972
0.173368 4.874850
0.174789 4.886186
0.176210 4.897974
0.177631 4.910207
0.179053 4.922879
0.180474 4.935984
0.181895 4.949515
0.183316 4.963464
0.184737 4.977825
0.186158 4.992590
0.187579 5.007752
0.189000 5.023304
0.190421 5.039238
0.191842 5.055547
0.193263 5.072222
0.194684 5.089256
0.196105 5.106642
0.197526 5.124370
0.198947 5.142434
0.200368 5.160826
0.201789 5.179536
0.203210 5.198558
0.204631 5.217883
0.206052 5.237503
0.207474 5.257410
0.208895 5.277596
0.210316 5.298052
0.211737 5.318772
0.213158 5.339746
0.214579 5.360967
0.216000 5.382427
0.217421 5.404118
0.218842 5.426032
0.220263 5.448160
0.221684 5.470496
0.223105 5.493031
0.224526 5.515758
0.225947 5.538669
0.227368 5.561756
0.228789 5.585012
0.230210 5.608430
0.231631 5.632001
0.233052 5.655719
0.234474 5.673364
0.235895 5.648342
0.237316 5.623289
0.238737 5.598214
0.240158 5.573126
0.241579 5.548034
0.243000 5.522947
0.244421 5.497874
0.245842 5.472824
0.247263 5.447806
0.248684 5.422830
0.250105 5.397904
0.251526 5.373039
0.252947 5.348244
0.254368 5.323529
0.255789 5.298903
0.257210 5.274375
0.258632 5.249956
0.260053 5.225656
0.261474 5.201485
0.262895 5.177452
0.264316 5.153569
0.265737 5.129844
0.267158 5.106289
0.268579 5.082913
0.270000 5.059727
0.271421 5.036742
0.272842 5.013969
0.274263 4.991417
0.275684 4.969097
0.277105 4.947021
0.278526 4.925198
0.279947 4.903640
0.281368 4.882357
0.282789 4.861360
0.284210 4.840660

0.284210 4.840660
0.285631 4.840678
0.287052 4.840732
0.288474 4.840821
0.289895 4.840946
0.291316 4.841107
0.292737 4.841303
0.294158 4.841534
0.295579 4.841800
0.297000 4.842101
0.298421 4.842436
0.299842 4.842805
0.301263 4.843207
0.302684 4.843643
0.304105 4.844112
0.305526 4.844613
0.306947 4.845146
0.308368 4.845710
0.309789 4.846305
0.311210 4.846930
0.312631 4.847585
0.314053 4.848268
0.315474 4.848980
0.316895 4.849719
0.318316 4.850484
0.319737 4.851276
0.321158 4.852093
0.322579 4.852934
0.324000 4.853798
0.325421 4.854685
0.326842 4.855594
0.328263 4.856524
0.329684 4.857473
0.331105 4.858442
0.332526 4.859428
0.333947 4.860432
0.335368 4.861451
0.336789 4.862485
0.338210 4.863534
0.339631 4.864595
0.341052 4.865668
0.342473 4.866752
0.343895 4.867845
0.345316 4.868947
0.346737 4.870057
0.348158 4.871173
0.349579 4.872294
0.351000 4.873420
0.352421 4.874548
0.353842 4.875679
0.355263 4.876810
0.356684 4.877941
0.358105 4.879071
0.359526 4.880198
0.360947 4.881322
0.362368 4.882441
0.363789 4.883554
0.365210 4.884661
0.366631 4.885759
0.368053 4.886848
0.369474 4.887927
0.370895 4.888995
0.372316 4.890051
0.373737 4.891093
0.375158 4.892121
0.376579 4.893134
0.378000 4.894130
0.379421 4.895110
0.380842 4.896071
0.382263 4.897013
0.383684 4.897934
0.385105 4.898835
0.386526 4.899714
0.387947 4.900570
0.389368 4.901403
0.390789 4.902211
0.392210 4.902995
0.393631 4.903752
0.395052 4.904483
0.396473 4.905186
0.397895 4.905861
0.399316 4.906508
0.400737 4.907126
0.402158 4.907713
0.403579 4.908270
0.405000 4.908796
0.406421 4.909291
0.407842 4.909753
0.409263 4.910183
0.410684 4.910580
0.412105 4.910944
0.413526 4.911275
0.414947 4.911571
0.416368 4.911833
0.417789 4.912061
0.419210 4.912254
0.420631 4.912413
0.422052 4.912536
0.423474 4.912624
0.424895 4.912677
0.426316 4.912694

0.426316 4.912694
0.428777 4.913271
0.431238 4.915000
0.433700 4.917879
0.436161 4.921901
0.438622 4.927059
0.441084 4.933344
0.443545 4.940745
0.446006 4.949248
0.448468 4.958837
0.450929 4.969496
0.453390 4.981206
0.455852 4.993946
0.458313 5.007696
0.460774 5.022430
0.463236 5.038126
0.465697 5.054757
0.468158 5.072297
0.470620 5.090718
0.473081 5.109992
0.475542 5.130090
0.478004 5.150981
0.480465 5.172635
0.482926 5.195023
0.485388 5.218112
0.487849 5.241872
0.490310 5.266272
0.492772 5.291279
0.495233 5.316861
0.497694 5.342989
0.500156 5.369630
0.502617 5.396753
0.505078 5.424326
0.507540 5.452319
0.510001 5.480702
0.512462 5.509443
0.514924 5.538513
0.517385 5.567881
0.519846 5.597518
0.522308 5.627395
0.524769 5.657482
0.527230 5.687751
0.529692 5.718173
0.532153 5.748719
0.534614 5.779363
0.537076 5.810075
0.539537 5.840830
0.541998 5.871598
0.544460 5.902353
0.546921 5.933069
0.549382 5.963719
0.551844 5.994276
0.554305 6.024714
0.556766 6.055007
0.559228 6.085129
0.561689 6.115055
0.564150 6.094359
0.566612 5.984151
0.569073 5.872111
0.571534 5.758263
0.573996 5.642635
0.576457 5.525252
0.578918 5.406145
0.581380 5.285344
0.583841 5.162881
0.586302 5.038790
0.588764 4.913107
0.591225 4.785867
0.593686 4.657109
0.596148 4.526871
0.598609 4.395194
0.601070 4.262118
0.603532 4.127686
0.605993 3.991941
0.608454 3.854927
0.610916 3.716689
0.613377 3.577270
0.615838 3.436719
0.618300 3.295080
0.620761 3.152400
0.623222 3.008728
0.625684 2.864109
0.628145 2.718591
0.630606 2.572223
0.633068 2.425052
0.635529 2.277125
0.637990 2.128492
0.640452 1.979199
0.642913 1.829295
0.645374 1.678827
0.647836 1.527843
0.650297 1.376390
0.652758 1.224516
0.655220 1.072268
0.657681 0.919693
0.660142 0.766838
0.662604 0.613750
0.665065 0.460475
0.667526 0.307061
0.669988 0.153554
0.672449 0.000000


0.000000 6.905762
0.001421 6.905527
0.002842 6.904823
0.004263 6.903650
0.005684 6.902007
0.007105 6.899896
0.008526 6.897316
0.009947 6.894267
0.011368 6.890750
0.012790 6.886766
0.014210 6.882313
0.015632 6.877394
0.017053 6.872009
0.018474 6.866158
0.019895 6.859841
0.021316 6.853060
0.022737 6.845815
0.024158 6.838106
0.025579 6.829936
0.027000 6.821303
0.028421 6.812210
0.029842 6.802658
0.031263 6.792646
0.032684 6.782177
0.034105 6.771252
0.035526 6.759871
0.036947 6.748035
0.038368 6.735746
0.039789 6.723006
0.041210 6.709815
0.042632 6.696175
0.044053 6.682087
0.045474 6.667552
0.046895 6.652573
0.048316 6.637151
0.049737 6.621286
0.051158 6.604982
0.052579 6.588239
0.054000 6.571059
0.055421 6.553445
0.056842 6.535397
0.058263 6.516917
0.059684 6.498009
0.061105 6.478672
0.062526 6.458910
0.063947 6.438725
0.065368 6.418118
0.066789 6.397091
0.068210 6.375647
0.069631 6.353788
0.071053 6.331516
0.072474 6.308833
0.073895 6.285741
0.075316 6.262244
0.076737 6.238342
0.078158 6.214040
0.079579 6.189338
0.081000 6.164240
0.082421 6.138747
0.083842 6.112863
0.085263 6.086591
0.086684 6.059931
0.088105 6.032889
0.089526 6.005465
0.090947 5.977663
0.092368 5.949485
0.093789 5.920934
0.095211 5.892013
0.096631 5.862725
0.098053 5.833073
0.099474 5.803059
0.100895 5.772687
0.102316 5.741958
0.103737 5.710877
0.105158 5.679447
0.106579 5.647669
0.108000 5.615548
0.109421 5.583086
0.110842 5.550286
0.112263 5.517152
0.113684 5.483687
0.115105 5.449893
0.116526 5.415774
0.117947 5.381334
0.119368 5.346574
0.120789 5.311499
0.122210 5.276112
0.123632 5.240416
0.125053 5.204414
0.126474 5.168109
0.127895 5.131505
0.129316 5.094606
0.130737 5.057413
0.132158 5.019931
0.133579 4.982164
0.135000 4.944113
0.136421 4.905783
0.137842 4.867178
0.139263 4.828299
0.140684 4.789152
0.142105 4.749739

0.142105 4.749739
0.143526 4.750003
0.144947 4.750797
0.146368 4.752120
0.147789 4.753971
0.149210 4.756348
0.150632 4.759251
0.152053 4.762678
0.153474 4.766627
0.154895 4.771094
0.156316 4.776079
0.157737 4.781577
0.159158 4.787586
0.160579 4.794102
0.162000 4.801121
0.163421 4.808639
0.164842 4.816652
0.166263 4.825155
0.167684 4.834144
0.169105 4.843613
0.170526 4.853558
0.171947 4.863972
0.173368 4.874850
0.174789 4.886186
0.176210 4.897974
0.177631 4.910207
0.179053 4.922879
0.180474 4.935984
0.181895 4.949515
0.183316 4.963464
0.184737 4.977825
0.186158 4.992590
0.187579 5.007752
0.189000 5.023304
0.190421 5.039238
0.191842 5.055547
0.193263 5.072222
0.194684 5.089256
0.196105 5.106642
0.197526 5.124370
0.198947 5.142434
0.200368 5.160826
0.201789 5.179536
0.203210 5.198558
0.204631 5.217883
0.206052 5.237503
0.207474 5.257410
0.208895 5.277596
0.210316 5.298052
0.211737 5.318772
0.213158 5.339746
0.214579 5.360967
0.216000 5.382427
0.217421 5.404118
0.218842 5.426032
0.220263 5.448160
0.221684 5.470496
0.223105 5.493031
0.224526 5.515758
0.225947 5.538669
0.227368 5.561756
0.228789 5.585012
0.230210 5.608430
0.231631 5.632001
0.233052 5.655719
0.234474 5.673364
0.235895 5.648342
0.237316 5.623289
0.238737 5.598214
0.240158 5.573126
0.241579 5.548034
0.243000 5.522947
0.244421 5.497874
0.245842 5.472824
0.247263 5.447806
0.248684 5.422830
0.250105 5.397904
0.251526 5.373039
0.252947 5.348244
0.254368 5.323529
0.255789 5.298903
0.257210 5.274375
0.258632 5.249956
0.260053 5.225656
0.261474 5.201485
0.262895 5.177452
0.264316 5.153569
0.265737 5.129844
0.267158 5.106289
0.268579 5.082913
0.270000 5.059727
0.271421 5.036742
0.272842 5.013969
0.274263 4.991417
0.275684 4.969097
0.277105 4.947021
0.278526 4.925198
0.279947 4.903640
0.281368 4.882357
0.282789 4.861360
0.284210 4.840660

0.284210 4.840660
0.285631 4.840678
0.287052 4.840732
0.288474 4.840821
0.289895 4.840946
0.291316 4.841107
0.292737 4.841303
0.294158 4.841534
0.295579 4.841800
0.297000 4.842101
0.298421 4.842436
0.299842 4.842805
0.301263 4.843207
0.302684 4.843643
0.304105 4.844112
0.305526 4.844613
0.306947 4.845146
0.308368 4.845710
0.309789 4.846305
0.311210 4.846930
0.312631 4.847585
0.314053 4.848268
0.315474 4.848980
0.316895 4.849719
0.318316 4.850484
0.319737 4.851276
0.321158 4.852093
0.322579 4.852934
0.324000 4.853798
0.325421 4.854685
0.326842 4.855594
0.328263 4.856524
0.329684 4.857473
0.331105 4.858442
0.332526 4.859428
0.333947 4.860432
0.335368 4.861451
0.336789 4.862485
0.338210 4.863534
0.339631 4.864595
0.341052 4.865668
0.342473 4.866752
0.343895 4.867845
0.345316 4.868947
0.346737 4.870057
0.348158 4.871173
0.349579 4.872294
0.351000 4.873420
0.352421 4.874548
0.353842 4.875679
0.355263 4.876810
0.356684 4.877941
0.358105 4.879071
0.359526 4.880198
0.360947 4.881322
0.362368 4.882441
0.363789 4.883554
0.365210 4.884661
0.366631 4.885759
0.368053 4.886848
0.369474 4.887927
0.370895 4.888995
0.372316 4.890051
0.373737 4.891093
0.375158 4.892121
0.376579 4.893134
0.378000 4.894130
0.379421 4.895110
0.380842 4.896071
0.382263 4.897013
0.383684 4.897934
0.385105 4.898835
0.386526 4.899714
0.387947 4.900570
0.389368 4.901403
0.390789 4.902211
0.392210 4.902995
0.393631 4.903752
0.395052 4.904483
0.396473 4.905186
0.397895 4.905861
0.399316 4.906508
0.400737 4.907126
0.402158 4.907713
0.403579 4.908270
0.405000 4.908796
0.406421 4.909291
0.407842 4.909753
0.409263 4.910183
0.410684 4.910580
0.412105 4.910944
0.413526 4.911275
0.414947 4.911571
0.416368 4.911833
0.417789 4.912061
0.419210 4.912254
0.420631 4.912413
0.422052 4.912536
0.423474 4.912624
0.424895 4.912677
0.426316 4.912694

0.426316 4.912694
0.428777 4.913271
0.431238 4.915000
0.433700 4.917879
0.436161 4.921901
0.438622 4.927059
0.441084 4.933344
0.443545 4.940745
0.446006 4.949248
0.448468 4.958837
0.450929 4.969496
0.453390 4.981206
0.455852 4.993946
0.458313 5.007696
0.460774 5.022430
0.463236 5.038126
0.465697 5.054757
0.468158 5.072297
0.470620 5.090718
0.473081 5.109992
0.475542 5.130090
0.478004 5.150981
0.480465 5.172635
0.482926 5.195023
0.485388 5.218112
0.487849 5.241872
0.490310 5.266272
0.492772 5.291279
0.495233 5.316861
0.497694 5.342989
0.500156 5.369630
0.502617 5.396753
0.505078 5.424326
0.507540 5.452319
0.510001 5.480702
0.512462 5.509443
0.514924 5.538513
0.517385 5.567881
0.519846 5.597518
0.522308 5.627395
0.524769 5.657482
0.527230 5.687751
0.529692 5.718173
0.532153 5.748719
0.534614 5.779363
0.537076 5.810075
0.539537 5.840830
0.541998 5.871598
0.544460 5.902353
0.546921 5.933069
0.549382 5.963719
0.551844 5.994276
0.554305 6.024714
0.556766 6.055007
0.559228 6.085129
0.561689 6.115055
0.564150 6.144759
0.566612 6.174215
0.569073 6.203400
0.571534 6.232287
0.573996 6.260853
0.576457 6.289073
0.578918 6.316923
0.581380 6.344379
0.583841 6.371417
0.586302 6.398015
0.588764 6.424150
0.591225 6.449798
0.593686 6.474939
0.596148 6.499549
0.598609 6.523609
0.601070 6.547096
0.603532 6.569990
0.605993 6.592272
0.608454 6.613921
0.610916 6.634920
0.613377 6.655249
0.615838 6.674891
0.618300 6.693828
0.620761 6.712044
0.623222 6.729523
0.625684 6.746250
0.628145 6.762209
0.630606 6.777387
0.633068 6.791770
0.635529 6.805345
0.637990 6.818102
0.640452 6.830028
0.642913 6.841113
0.645374 6.851347
0.647836 6.860722
0.650297 6.869229
0.652758 6.876861
0.655220 6.883610
0.657681 6.889472
0.660142 6.894440
0.662604 6.898511
0.665065 6.901681
0.667526 6.903948
0.669988 6.905308
0.672449 6.905762


0.000000 6.905762
0.001421 6.905527
0.002842 6.904823
0.004263 6.903650
0.005684 6.902007
0.007105 6.899896
0.008526 6.897316
0.009947 6.894267
0.011368 6.890750
0.012790 6.886766
0.014210 6.882313
0.015632 6.877394
0.017053 6.872009
0.018474 6.866158
0.019895 6.859841
0.021316 6.853060
0.022737 6.845815
0.024158 6.838106
0.025579 6.829936
0.027000 6.821303
0.028421 6.812210
0.029842 6.802658
0.031263 6.792646
0.032684 6.782177
0.034105 6.771252
0.035526 6.759871
0.036947 6.748035
0.038368 6.735746
0.039789 6.723006
0.041210 6.709815
0.042632 6.696175
0.044053 6.682087
0.045474 6.667552
0.046895 6.652573
0.048316 6.637151
0.049737 6.621286
0.051158 6.604982
0.052579 6.588239
0.054000 6.571059
0.055421 6.553445
0.056842 6.535397
0.058263 6.516917
0.059684 6.498009
0.061105 6.478672
0.062526 6.458910
0.063947 6.438725
0.065368 6.418118
0.066789 6.397091
0.068210 6.375647
0.069631 6.353788
0.071053 6.331516
0.072474 6.308833
0.073895 6.285741
0.075316 6.262244
0.076737 6.238342
0.078158 6.214040
0.079579 6.189338
0.081000 6.164240
0.082421 6.138747
0.083842 6.112863
0.085263 6.086591
0.086684 6.059931
0.088105 6.032889
0.089526 6.005465
0.090947 5.977663
0.092368 5.949485
0.093789 5.920934
0.095211 5.892013
0.096631 5.862725
0.098053 5.833073
0.099474 5.803059
0.100895 5.772687
0.102316 5.741958
0.103737 5.710877
0.105158 5.679447
0.106579 5.647669
0.108000 5.615548
0.109421 5.583086
0.110842 5.550286
0.112263 5.517152
0.113684 5.542801
0.115105 5.602298
0.116526 5.661391
0.117947 5.720076
0.119368 5.778344
0.120789 5.836192
0.122210 5.893614
0.123632 5.950602
0.125053 6.007153
0.126474 6.063260
0.127895 6.118919
0.129316 6.174123
0.130737 6.228868
0.132158 6.283148
0.133579 6.336959
0.135000 6.390295
0.136421 6.443152
0.137842 6.495525
0.139263 6.547409
0.140684 6.598801
0.142105 6.649694

0.142105 6.649694
0.143526 6.650146
0.144947 6.651500
0.146368 6.653751
0.147789 6.656893
0.149210 6.660913
0.150632 6.665799
0.152053 6.671534
0.153474 6.678101
0.154895 6.685479
0.156316 6.693645
0.157737 6.702574
0.159158 6.707803
0.160579 6.698817
0.162000 6.689189
0.163421 6.678932
0.164842 6.668063
0.166263 6.656598
0.167684 6.644551
0.169105 6.631940
0.170526 6.618779
0.171947 6.605086
0.173368 6.590875
0.174789 6.576163
0.176210 6.560964
0.177631 6.545295
0.179053 6.529170
0.180474 6.512604
0.181895 6.495610
0.183316 6.478204
0.184737 6.460399
0.186158 6.442208
0.187579 6.423644
0.189000 6.404721
0.190421 6.385450
0.191842 6.365845
0.193263 6.345916
0.194684 6.325675
0.196105 6.305134
0.197526 6.284304
0.198947 6.263196
0.200368 6.241819
0.201789 6.220186
0.203210 6.198305
0.204631 6.176187
0.206052 6.153842
0.207474 6.131280
0.208895 6.108509
0.210316 6.085539
0.211737 6.062381
0.213158 6.039042
0.214579 6.015531
0.216000 5.991859
0.217421 5.968033
0.218842 5.944063
0.220263 5.919958
0.221684 5.895726
0.223105 5.871375
0.224526 5.846915
0.225947 5.822355
0.227368 5.797702
0.228789 5.772967
0.230210 5.748156
0.231631 5.723280
0.233052 5.698346
0.234474 5.679577
0.235895 5.703566
0.237316 5.727680
0.238737 5.751913
0.240158 5.776256
0.241579 5.800702
0.243000 5.825246
0.244421 5.849881
0.245842 5.874598
0.247263 5.899393
0.248684 5.924258
0.250105 5.949187
0.251526 5.974174
0.252947 5.999212
0.254368 6.024295
0.255789 6.049416
0.257210 6.074570
0.258632 6.099751
0.260053 6.124953
0.261474 6.150169
0.262895 6.175394
0.264316 6.200623
0.265737 6.225849
0.267158 6.251067
0.268579 6.276271
0.270000 6.301457
0.271421 6.326618
0.272842 6.351749
0.274263 6.376845
0.275684 6.401901
0.277105 6.426911
0.278526 6.451871
0.279947 6.476775
0.281368 6.501618
0.282789 6.526396
0.284210 6.551103

0.284210 6.551103
0.285631 6.550462
0.287052 6.548541
0.288474 6.545349
0.289895 6.540902
0.291316 6.535221
0.292737 6.528330
0.294158 6.520262
0.295579 6.511050
0.297000 6.500732
0.298421 6.489350
0.299842 6.476946
0.301263 6.463566
0.302684 6.449255
0.304105 6.434059
0.305526 6.418026
0.306947 6.401201
0.308368 6.383630
0.309789 6.365359
0.311210 6.346431
0.312631 6.326888
0.314053 6.306773
0.315474 6.286126
0.316895 6.264984
0.318316 6.243386
0.319737 6.221367
0.321158 6.198962
0.322579 6.176203
0.324000 6.153123
0.325421 6.129751
0.326842 6.106118
0.328263 6.082251
0.329684 6.058177
0.331105 6.033923
0.332526 6.009513
0.333947 5.984971
0.335368 5.960322
0.336789 5.935587
0.338210 5.910789
0.339631 5.885948
0.341052 5.861086
0.342473 5.836222
0.343895 5.811376
0.345316 5.786567
0.346737 5.761814
0.348158 5.737134
0.349579 5.712545
0.351000 5.688065
0.352421 5.663711
0.353842 5.639499
0.355263 5.615447
0.356684 5.591570
0.358105 5.567884
0.359526 5.544405
0.360947 5.521148
0.362368 5.498128
0.363789 5.475361
0.365210 5.452862
0.366631 5.430645
0.368053 5.408724
0.369474 5.387113
0.370895 5.365828
0.372316 5.344881
0.373737 5.324286
0.375158 5.304057
0.376579 5.284207
0.378000 5.264749
0.379421 5.245697
0.380842 5.227062
0.382263 5.208857
0.383684 5.191094
0.385105 5.173786
0.386526 5.156944
0.387947 5.140580
0.389368 5.124705
0.390789 5.109330
0.392210 5.094465
0.393631 5.080122
0.395052 5.066310
0.396473 5.053038
0.397895 5.040318
0.399316 5.028156
0.400737 5.016563
0.402158 5.005547
0.403579 4.995116
0.405000 4.985277
0.406421 4.976038
0.407842 4.967406
0.409263 4.959387
0.410684 4.951986
0.412105 4.945210
0.413526 4.939064
0.414947 4.933552
0.416368 4.928679
0.417789 4.924448
0.419210 4.920862
0.420631 4.917925
0.422052 4.915638
0.423474 4.914003
0.424895 4.913022
0.426316 4.912694

0.426316 4.912694
0.428777 4.913271
0.431238 4.915000
0.433700 4.917879
0.436161 4.921901
0.438622 4.927059
0.441084 4.933344
0.443545 4.940745
0.446006 4.949248
0.448468 4.958837
0.450929 4.969496
0.453390 4.981206
0.455852 4.993946
0.458313 5.007696
0.460774 5.022430
0.463236 5.038126
0.465697 5.054757
0.468158 5.072297
0.470620 5.090718
0.473081 5.109992
0.475542 5.130090
0.478004 5.150981
0.480465 5.172635
0.482926 5.195023
0.485388 5.218112
0.487849 5.241872
0.490310 5.266272
0.492772 5.291279
0.495233 5.316861
0.497694 5.342989
0.500156 5.369630
0.502617 5.396753
0.505078 5.424326
0.507540 5.452319
0.510001 5.480702
0.512462 5.509443
0.514924 5.538513
0.517385 5.567881
0.519846 5.597518
0.522308 5.627395
0.524769 5.657482
0.527230 5.687751
0.529692 5.718173
0.532153 5.748719
0.534614 5.779363
0.537076 5.810075
0.539537 5.840830
0.541998 5.871598
0.544460 5.902353
0.546921 5.933069
0.549382 5.963719
0.551844 5.994276
0.554305 6.024714
0.556766 6.055007
0.559228 6.085129
0.561689 6.115055
0.564150 6.144759
0.566612 6.174215
0.569073 6.203400
0.571534 6.232287
0.573996 6.260853
0.576457 6.289073
0.578918 6.316923
0.581380 6.344379
0.583841 6.371417
0.586302 6.398015
0.588764 6.424150
0.591225 6.449798
0.593686 6.474939
0.596148 6.499549
0.598609 6.523609
0.601070 6.547096
0.603532 6.569990
0.605993 6.592272
0.608454 6.613921
0.610916 6.634920
0.613377 6.655249
0.615838 6.674891
0.618300 6.693828
0.620761 6.712044
0.623222 6.729523
0.625684 6.746250
0.628145 6.762209
0.630606 6.777387
0.633068 6.791770
0.635529 6.805345
0.637990 6.818102
0.640452 6.830028
0.642913 6.841113
0.645374 6.851347
0.647836 6.860722
0.650297 6.869229
0.652758 6.876861
0.655220 6.883610
0.657681 6.889472
0.660142 6.894440
0.662604 6.898511
0.665065 6.901681
0.667526 6.903948
0.669988 6.905308
0.672449 6.905762


0.000000 6.905762
0.001421 6.905726
0.002842 6.905620
0.004263 6.905444
0.005684 6.905197
0.007105 6.904880
0.008526 6.904493
0.009947 6.904036
0.011368 6.903511
0.012790 6.902917
0.014210 6.902255
0.015632 6.901525
0.017053 6.900729
0.018474 6.899868
0.019895 6.898941
0.021316 6.897950
0.022737 6.896895
0.024158 6.895779
0.025579 6.894601
0.027000 6.893364
0.028421 6.892067
0.029842 6.890713
0.031263 6.889303
0.032684 6.887838
0.034105 6.886319
0.035526 6.884748
0.036947 6.883127
0.038368 6.881457
0.039789 6.879740
0.041210 6.877976
0.042632 6.876169
0.044053 6.874320
0.045474 6.872430
0.046895 6.870502
0.048316 6.868537
0.049737 6.866537
0.051158 6.864504
0.052579 6.862441
0.054000 6.860348
0.055421 6.858229
0.056842 6.856085
0.058263 6.853918
0.059684 6.851730
0.061105 6.849524
0.062526 6.847302
0.063947 6.845066
0.065368 6.842818
0.066789 6.840560
0.068210 6.838295
0.069631 6.836025
0.071053 6.833751
0.072474 6.831477
0.073895 6.829204
0.075316 6.826935
0.076737 6.824672
0.078158 6.822418
0.079579 6.820173
0.081000 6.817942
0.082421 6.815725
0.083842 6.813525
0.085263 6.811345
0.086684 6.809186
0.088105 6.807051
0.089526 6.804941
0.090947 6.802859
0.092368 6.800808
0.093789 6.798788
0.095211 6.796802
0.096631 6.794852
0.098053 6.792940
0.099474 6.791068
0.100895 6.789238
0.102316 6.787451
0.103737 6.785710
0.105158 6.784016
0.106579 6.782371
0.108000 6.780776
0.109421 6.779233
0.110842 6.777744
0.112263 6.776311
0.113684 6.774934
0.115105 6.773614
0.116526 6.772355
0.117947 6.771156
0.119368 6.770018
0.120789 6.768944
0.122210 6.767934
0.123632 6.766989
0.125053 6.766110
0.126474 6.765298
0.127895 6.764554
0.129316 6.763879
0.130737 6.763272
0.132158 6.762736
0.133579 6.762270
0.135000 6.761875
0.136421 6.761551
0.137842 6.761299
0.139263 6.749974
0.140684 6.700087
0.142105 6.649694

0.142105 6.649694
0.143526 6.650146
0.144947 6.651500
0.146368 6.653751
0.147789 6.656893
0.149210 6.660913
0.150632 6.665799
0.152053 6.671534
0.153474 6.678101
0.154895 6.685479
0.156316 6.693645
0.157737 6.702574
0.159158 6.707803
0.160579 6.698817
0.162000 6.689189
0.163421 6.678932
0.164842 6.668063
0.166263 6.656598
0.167684 6.644551
0.169105 6.631940
0.170526 6.618779
0.171947 6.605086
0.173368 6.590875
0.174789 6.576163
0.176210 6.560964
0.177631 6.545295
0.179053 6.529170
0.180474 6.512604
0.181895 6.495610
0.183316 6.478204
0.184737 6.460399
0.186158 6.442208
0.187579 6.423644
0.189000 6.404721
0.190421 6.385450
0.191842 6.365845
0.193263 6.345916
0.194684 6.325675
0.196105 6.305134
0.197526 6.284304
0.198947 6.263196
0.200368 6.241819
0.201789 6.220186
0.203210 6.198305
0.204631 6.176187
0.206052 6.153842
0.207474 6.131280
0.208895 6.108509
0.210316 6.085539
0.211737 6.062381
0.213158 6.039042
0.214579 6.015531
0.216000 5.991859
0.217421 5.968033
0.218842 5.944063
0.220263 5.919958
0.221684 5.895726
0.223105 5.871375
0.224526 5.846915
0.225947 5.822355
0.227368 5.797702
0.228789 5.772967
0.230210 5.748156
0.231631 5.723280
0.233052 5.698346
0.234474 5.679577
0.235895 5.703566
0.237316 5.727680
0.238737 5.751913
0.240158 5.776256
0.241579 5.800702
0.243000 5.825246
0.244421 5.849881
0.245842 5.874598
0.247263 5.899393
0.248684 5.924258
0.250105 5.949187
0.251526 5.974174
0.252947 5.999212
0.254368 6.024295
0.255789 6.049416
0.257210 6.074570
0.258632 6.099751
0.260053 6.124953
0.261474 6.150169
0.262895 6.175394
0.264316 6.200623
0.265737 6.225849
0.267158 6.251067
0.268579 6.276271
0.270000 6.301457
0.271421 6.326618
0.272842 6.351749
0.274263 6.376845
0.275684 6.401901
0.277105 6.426911
0.278526 6.451871
0.279947 6.476775
0.281368 6.501618
0.282789 6.526396
0.284210 6.551103

0.284210 6.551103
0.285631 6.550462
0.287052 6.548541
0.288474 6.545349
0.289895 6.540902
0.291316 6.535221
0.292737 6.528330
0.294158 6.520262
0.295579 6.511050
0.297000 6.500732
0.298421 6.489350
0.299842 6.476946
0.301263 6.463566
0.302684 6.449255
0.304105 6.434059
0.305526 6.418026
0.306947 6.401201
0.308368 6.383630
0.309789 6.365359
0.311210 6.346431
0.312631 6.326888
0.314053 6.306773
0.315474 6.286126
0.316895 6.264984
0.318316 6.243386
0.319737 6.221367
0.321158 6.198962
0.322579 6.176203
0.324000 6.153123
0.325421 6.129751
0.326842 6.106118
0.328263 6.082251
0.329684 6.058177
0.331105 6.033923
0.332526 6.009513
0.333947 5.984971
0.335368 5.960322
0.336789 5.935587
0.338210 5.910789
0.339631 5.885948
0.341052 5.861086
0.342473 5.836222
0.343895 5.811376
0.345316 5.786567
0.346737 5.761814
0.348158 5.737134
0.349579 5.712545
0.351000 5.688065
0.352421 5.663711
0.353842 5.639499
0.355263 5.615447
0.356684 5.591570
0.358105 5.567884
0.359526 5.544405
0.360947 5.521148
0.362368 5.498128
0.363789 5.475361
0.365210 5.452862
0.366631 5.430645
0.368053 5.408724
0.369474 5.387113
0.370895 5.365828
0.372316 5.344881
0.373737 5.324286
0.375158 5.304057
0.376579 5.284207
0.378000 5.264749
0.379421 5.245697
0.380842 5.227062
0.382263 5.208857
0.383684 5.191094
0.385105 5.173786
0.386526 5.156944
0.387947 5.140580
0.389368 5.124705
0.390789 5.109330
0.392210 5.094465
0.393631 5.080122
0.395052 5.066310
0.396473 5.053038
0.397895 5.040318
0.399316 5.028156
0.400737 5.016563
0.402158 5.005547
0.403579 4.995116
0.405000 4.985277
0.406421 4.976038
0.407842 4.967406
0.409263 4.959387
0.410684 4.951986
0.412105 4.945210
0.413526 4.939064
0.414947 4.933552
0.416368 4.928679
0.417789 4.924448
0.419210 4.920862
0.420631 4.917925
0.422052 4.915638
0.423474 4.914003
0.424895 4.913022
0.426316 4.912694

0.426316 4.912694
0.428777 4.913855
0.431238 4.917334
0.433700 4.923120
0.436161 4.931198
0.438622 4.941543
0.441084 4.954126
0.443545 4.968912
0.446006 4.985860
0.448468 5.004921
0.450929 5.026043
0.453390 5.049171
0.455852 5.074241
0.458313 5.101189
0.460774 5.129945
0.463236 5.160436
0.465697 5.192586
0.468158 5.226318
0.470620 5.261550
0.473081 5.298200
0.475542 5.336184
0.478004 5.375417
0.480465 5.415812
0.482926 5.457280
0.485388 5.499735
0.487849 5.543086
0.490310 5.587246
0.492772 5.632122
0.495233 5.677627
0.497694 5.723668
0.500156 5.770156
0.502617 5.816999
0.505078 5.864105
0.507540 5.911383
0.510001 5.958740
0.512462 6.006084
0.514924 6.053320
0.517385 6.100354
0.519846 6.147090
0.522308 6.193434
0.524769 6.239287
0.527230 6.284551
0.529692 6.329128
0.532153 6.372918
0.534614 6.415822
0.537076 6.457739
0.539537 6.498569
0.541998 6.538213
0.544460 6.576574
0.546921 6.613557
0.549382 6.649069
0.551844 6.617190
0.554305 6.516447
0.556766 6.413775
0.559228 6.309191
0.561689 6.202713
0.564150 6.144759
0.566612 6.174215
0.569073 6.203400
0.571534 6.232287
0.573996 6.260853
0.576457 6.289073
0.578918 6.316923
0.581380 6.344379
0.583841 6.371417
0.586302 6.398015
0.588764 6.424150
0.591225 6.449798
0.593686 6.474939
0.596148 6.499549
0.598609 6.523609
0.601070 6.547096
0.603532 6.569990
0.605993 6.592272
0.608454 6.613921
0.610916 6.634920
0.613377 6.655249
0.615838 6.674891
0.618300 6.693828
0.620761 6.712044
0.623222 6.729523
0.625684 6.746250
0.628145 6.762209
0.630606 6.777387
0.633068 6.791770
0.635529 6.805345
0.637990 6.818102
0.640452 6.830028
0.642913 6.841113
0.645374 6.851347
0.647836 6.860722
0.650297 6.869229
0.652758 6.876861
0.655220 6.883610
0.657681 6.889472
0.660142 6.894440
0.662604 6.898511
0.665065 6.901681
0.667526 6.903948
0.669988 6.905308
0.672449 6.905762


0.000000 6.905762
0.001421 6.905726
0.002842 6.905620
0.004263 6.905444
0.005684 6.905197
0.007105 6.904880
0.008526 6.904493
0.009947 6.904036
0.011368 6.903511
0.012790 6.902917
0.014210 6.902255
0.015632 6.901525
0.017053 6.900729
0.018474 6.899868
0.019895 6.898941
0.021316 6.897950
0.022737 6.896895
0.024158 6.895779
0.025579 6.894601
0.027000 6.893364
0.028421 6.892067
0.029842 6.890713
0.031263 6.889303
0.032684 6.887838
0.034105 6.886319
0.035526 6.884748
0.036947 6.883127
0.038368 6.881457
0.039789 6.879740
0.041210 6.877976
0.042632 6.876169
0.044053 6.874320
0.045474 6.872430
0.046895 6.870502
0.048316 6.868537
0.049737 6.866537
0.051158 6.864504
0.052579 6.862441
0.054000 6.860348
0.055421 6.858229
0.056842 6.856085
0.058263 6.853918
0.059684 6.851730
0.061105 6.849524
0.062526 6.847302
0.063947 6.845066
0.065368 6.842818
0.066789 6.840560
0.068210 6.838295
0.069631 6.836025
0.071053 6.833751
0.072474 6.831477
0.073895 6.829204
0.075316 6.826935
0.076737 6.824672
0.078158 6.822418
0.079579 6.820173
0.081000 6.817942
0.082421 6.815725
0.083842 6.813525
0.085263 6.811345
0.086684 6.809186
0.088105 6.807051
0.089526 6.804941
0.090947 6.802859
0.092368 6.800808
0.093789 6.798788
0.095211 6.796802
0.096631 6.794852
0.098053 6.792940
0.099474 6.791068
0.100895 6.789238
0.102316 6.787451
0.103737 6.785710
0.105158 6.784016
0.106579 6.782371
0.108000 6.780776
0.109421 6.779233
0.110842 6.777744
0.112263 6.776311
0.113684 6.774934
0.115105 6.773614
0.116526 6.772355
0.117947 6.771156
0.119368 6.770018
0.120789 6.768944
0.122210 6.767934
0.123632 6.766989
0.125053 6.766110
0.126474 6.765298
0.127895 6.764554
0.129316 6.763879
0.130737 6.763272
0.132158 6.762736
0.133579 6.762270
0.135000 6.761875
0.136421 6.761551
0.137842 6.761299
0.139263 6.761118
0.140684 6.761010
0.142105 6.760974

0.142105 6.760974
0.143526 6.760596
0.144947 6.759462
0.146368 6.757576
0.147789 6.754940
0.149210 6.751560
0.150632 6.747444
0.152053 6.742598
0.153474 6.737033
0.154895 6.730759
0.156316 6.723787
0.157737 6.716131
0.159158 6.712241
0.160579 6.722619
0.162000 6.733680
0.163421 6.745394
0.164842 6.757733
0.166263 6.770666
0.167684 6.784164
0.169105 6.798196
0.170526 6.812734
0.171947 6.827747
0.173368 6.843206
0.174789 6.859083
0.176210 6.875350
0.177631 6.891979
0.179053 6.908944
0.180474 6.926218
0.181895 6.943777
0.183316 6.961597
0.184737 6.979653
0.186158 6.997924
0.187579 7.016386
0.189000 7.035020
0.190421 7.053804
0.191842 7.072720
0.193263 7.091748
0.194684 7.110871
0.196105 7.130071
0.197526 7.149332
0.198947 7.168638
0.200368 7.187973
0.201789 7.207324
0.203210 7.226676
0.204631 7.246016
0.206052 7.265331
0.207474 7.284609
0.208895 7.303839
0.210316 7.323008
0.211737 7.342107
0.213158 7.361126
0.214579 7.380054
0.216000 7.398882
0.217421 7.417602
0.218842 7.436204
0.220263 7.454681
0.221684 7.473026
0.223105 7.485120
0.224526 7.467430
0.225947 7.449499
0.227368 7.431331
0.228789 7.412930
0.230210 7.394297
0.231631 7.375437
0.233052 7.356353
0.234474 7.337048
0.235895 7.317526
0.237316 7.297790
0.238737 7.277843
0.240158 7.257690
0.241579 7.237333
0.243000 7.216777
0.244421 7.196025
0.245842 7.175080
0.247263 7.153946
0.248684 7.132627
0.250105 7.111127
0.251526 7.089450
0.252947 7.067598
0.254368 7.045577
0.255789 7.023390
0.257210 7.001040
0.258632 6.978533
0.260053 6.955871
0.261474 6.933060
0.262895 6.910102
0.264316 6.887002
0.265737 6.863765
0.267158 6.840394
0.268579 6.816894
0.270000 6.793268
0.271421 6.769522
0.272842 6.745660
0.274263 6.721685
0.275684 6.697603
0.277105 6.673417
0.278526 6.649133
0.279947 6.624755
0.281368 6.600288
0.282789 6.575736
0.284210 6.551103

0.284210 6.551103
0.285631 6.550462
0.287052 6.548541
0.288474 6.545349
0.289895 6.540902
0.291316 6.535221
0.292737 6.528330
0.294158 6.520262
0.295579 6.511050
0.297000 6.500732
0.298421 6.489350
0.299842 6.476946
0.301263 6.463566
0.302684 6.449255
0.304105 6.434059
0.305526 6.418026
0.306947 6.401201
0.308368 6.383630
0.309789 6.365359
0.311210 6.346431
0.312631 6.326888
0.314053 6.306773
0.315474 6.286126
0.316895 6.264984
0.318316 6.243386
0.319737 6.221367
0.321158 6.198962
0.322579 6.176203
0.324000 6.153123
0.325421 6.129751
0.326842 6.106118
0.328263 6.082251
0.329684 6.058177
0.331105 6.033923
0.332526 6.009513
0.333947 5.984971
0.335368 5.960322
0.336789 5.935587
0.338210 5.910789
0.339631 5.885948
0.341052 5.861086
0.342473 5.836222
0.343895 5.811376
0.345316 5.786567
0.346737 5.761814
0.348158 5.737134
0.349579 5.712545
0.351000 5.688065
0.352421 5.663711
0.353842 5.639499
0.355263 5.615447
0.356684 5.591570
0.358105 5.567884
0.359526 5.544405
0.360947 5.521148
0.362368 5.498128
0.363789 5.475361
0.365210 5.452862
0.366631 5.430645
0.368053 5.408724
0.369474 5.387113
0.370895 5.365828
0.372316 5.344881
0.373737 5.324286
0.375158 5.304057
0.376579 5.284207
0.378000 5.264749
0.379421 5.245697
0.380842 5.227062
0.382263 5.208857
0.383684 5.191094
0.385105 5.173786
0.386526 5.156944
0.387947 5.140580
0.389368 5.124705
0.390789 5.109330
0.392210 5.094465
0.393631 5.080122
0.395052 5.066310
0.396473 5.053038
0.397895 5.040318
0.399316 5.028156
0.400737 5.016563
0.402158 5.005547
0.403579 4.995116
0.405000 4.985277
0.406421 4.976038
0.407842 4.967406
0.409263 4.959387
0.410684 4.951986
0.412105 4.945210
0.413526 4.939064
0.414947 4.933552
0.416368 4.928679
0.417789 4.924448
0.419210 4.920862
0.420631 4.917925
0.422052 4.915638
0.423474 4.914003
0.424895 4.913022
0.426316 4.912694

0.426316 4.912694
0.428777 4.913855
0.431238 4.917334
0.433700 4.923120
0.436161 4.931198
0.438622 4.941543
0.441084 4.954126
0.443545 4.968912
0.446006 4.985860
0.448468 5.004921
0.450929 5.026043
0.453390 5.049171
0.455852 5.074241
0.458313 5.101189
0.460774 5.129945
0.463236 5.160436
0.465697 5.192586
0.468158 5.226318
0.470620 5.261550
0.473081 5.298200
0.475542 5.336184
0.478004 5.375417
0.480465 5.415812
0.482926 5.457280
0.485388 5.499735
0.487849 5.543086
0.490310 5.587246
0.492772 5.632122
0.495233 5.677627
0.497694 5.723668
0.500156 5.770156
0.502617 5.816999
0.505078 5.864105
0.507540 5.911383
0.510001 5.958740
0.512462 6.006084
0.514924 6.053320
0.517385 6.100354
0.519846 6.147090
0.522308 6.193434
0.524769 6.239287
0.527230 6.284551
0.529692 6.329128
0.532153 6.372918
0.534614 6.415822
0.537076 6.457739
0.539537 6.498569
0.541998 6.538213
0.544460 6.576574
0.546921 6.613557
0.549382 6.649069
0.551844 6.683025
0.554305 6.715343
0.556766 6.745949
0.559228 6.774779
0.561689 6.801778
0.564150 6.826904
0.566612 6.850126
0.569073 6.871429
0.571534 6.890812
0.573996 6.908288
0.576457 6.923887
0.578918 6.937650
0.581380 6.949635
0.583841 6.959908
0.586302 6.968549
0.588764 6.975645
0.591225 6.981290
0.593686 6.985582
0.596148 6.988625
0.598609 6.990522
0.601070 6.991377
0.603532 6.991293
0.605993 6.990371
0.608454 6.988709
0.610916 6.986401
0.613377 6.983537
0.615838 6.980203
0.618300 6.976479
0.620761 6.972443
0.623222 6.968166
0.625684 6.963714
0.628145 6.959150
0.630606 6.954533
0.633068 6.949915
0.635529 6.945347
0.637990 6.940875
0.640452 6.936539
0.642913 6.932379
0.645374 6.928429
0.647836 6.924721
0.650297 6.921284
0.652758 6.918142
0.655220 6.915318
0.657681 6.912833
0.660142 6.910701
0.662604 6.908938
0.665065 6.907555
0.667526 6.906561
0.669988 6.905962
0.672449 6.905762


0.000000 6.905762
0.001421 6.905905
0.002842 6.906335
0.004263 6.907051
0.005684 6.908053
0.007105 6.909341
0.008526 6.910915
0.009947 6.912773
0.011368 6.914915
0.012790 6.917341
0.014210 6.920050
0.015632 6.923040
0.017053 6.926311
0.018474 6.929862
0.019895 6.933691
0.021316 6.937797
0.022737 6.942180
0.024158 6.946836
0.025579 6.951765
0.027000 6.956966
0.028421 6.962436
0.029842 6.968174
0.031263 6.974177
0.032684 6.980444
0.034105 6.986974
0.035526 6.993762
0.036947 7.000809
0.038368 7.008110
0.039789 7.015665
0.041210 7.023469
0.042632 7.031522
0.044053 7.039821
0.045474 7.048362
0.046895 7.057143
0.048316 7.066161
0.049737 7.075414
0.051158 7.084899
0.052579 7.094612
0.054000 7.104552
0.055421 7.114714
0.056842 7.125095
0.058263 7.135693
0.059684 7.146505
0.061105 7.157526
0.062526 7.168754
0.063947 7.180186
0.065368 7.191817
0.066789 7.203645
0.068210 7.215667
0.069631 7.227878
0.071053 7.240275
0.072474 7.252855
0.073895 7.265613
0.075316 7.278547
0.076737 7.291653
0.078158 7.304927
0.079579 7.318365
0.081000 7.331963
0.082421 7.345719
0.083842 7.359627
0.085263 7.373684
0.086684 7.387887
0.088105 7.402232
0.089526 7.416714
0.090947 7.431330
0.092368 7.446075
0.093789 7.460947
0.095211 7.475941
0.096631 7.491052
0.098053 7.506279
0.099474 7.521615
0.100895 7.537057
0.102316 7.552602
0.103737 7.568245
0.105158 7.583983
0.106579 7.599811
0.108000 7.615725
0.109421 7.631721
0.110842 7.636443
0.112263 7.597313
0.113684 7.557625
0.115105 7.517381
0.116526 7.476582
0.117947 7.435230
0.119368 7.393325
0.120789 7.350870
0.122210 7.307867
0.123632 7.264318
0.125053 7.220225
0.126474 7.175590
0.127895 7.130416
0.129316 7.084706
0.130737 7.038462
0.132158 6.991688
0.133579 6.944386
0.135000 6.896561
0.136421 6.848214
0.137842 6.799351
0.139263 6.761118
0.140684 6.761010
0.142105 6.760974

0.142105 6.760974
0.143526 6.760596
0.144947 6.759462
0.146368 6.757576
0.147789 6.754940
0.149210 6.751560
0.150632 6.747444
0.152053 6.742598
0.153474 6.737033
0.154895 6.730759
0.156316 6.723787
0.157737 6.716131
0.159158 6.712241
0.160579 6.722619
0.162000 6.733680
0.163421 6.745394
0.164842 6.757733
0.166263 6.770666
0.167684 6.784164
0.169105 6.798196
0.170526 6.812734
0.171947 6.827747
0.173368 6.843206
0.174789 6.859083
0.176210 6.875350
0.177631 6.891979
0.179053 6.908944
0.180474 6.926218
0.181895 6.943777
0.183316 6.961597
0.184737 6.979653
0.186158 6.997924
0.187579 7.016386
0.189000 7.035020
0.190421 7.053804
0.191842 7.072720
0.193263 7.091748
0.194684 7.110871
0.196105 7.130071
0.197526 7.149332
0.198947 7.168638
0.200368 7.187973
0.201789 7.207324
0.203210 7.226676
0.204631 7.246016
0.206052 7.265331
0.207474 7.284609
0.208895 7.303839
0.210316 7.323008
0.211737 7.342107
0.213158 7.361126
0.214579 7.380054
0.216000 7.398882
0.217421 7.417602
0.218842 7.436204
0.220263 7.454681
0.221684 7.473026
0.223105 7.485120
0.224526 7.467430
0.225947 7.449499
0.227368 7.431331
0.228789 7.412930
0.230210 7.394297
0.231631 7.375437
0.233052 7.356353
0.234474 7.337048
0.235895 7.317526
0.237316 7.297790
0.238737 7.277843
0.240158 7.257690
0.241579 7.237333
0.243000 7.216777
0.244421 7.196025
0.245842 7.175080
0.247263 7.153946
0.248684 7.132627
0.250105 7.111127
0.251526 7.089450
0.252947 7.067598
0.254368 7.045577
0.255789 7.023390
0.257210 7.001040
0.258632 6.978533
0.260053 6.955871
0.261474 6.933060
0.262895 6.910102
0.264316 6.887002
0.265737 6.863765
0.267158 6.840394
0.268579 6.816894
0.270000 6.793268
0.271421 6.769522
0.272842 6.745660
0.274263 6.721685
0.275684 6.697603
0.277105 6.673417
0.278526 6.649133
0.279947 6.624755
0.281368 6.600288
0.282789 6.575736
0.284210 6.551103

0.284210 6.551103
0.285631 6.550462
0.287052 6.548541
0.288474 6.545349
0.289895 6.540902
0.291316 6.535221
0.292737 6.528330
0.294158 6.520262
0.295579 6.511050
0.297000 6.500732
0.298421 6.489350
0.299842 6.476946
0.301263 6.463566
0.302684 6.449255
0.304105 6.434059
0.305526 6.418026
0.306947 6.401201
0.308368 6.383630
0.309789 6.365359
0.311210 6.346431
0.312631 6.326888
0.314053 6.306773
0.315474 6.286126
0.316895 6.264984
0.318316 6.243386
0.319737 6.221367
0.321158 6.198962
0.322579 6.176203
0.324000 6.153123
0.325421 6.129751
0.326842 6.106118
0.328263 6.082251
0.329684 6.058177
0.331105 6.033923
0.332526 6.009513
0.333947 5.984971
0.335368 5.960322
0.336789 5.935587
0.338210 5.910789
0.339631 5.885948
0.341052 5.861086
0.342473 5.836222
0.343895 5.811376
0.345316 5.786567
0.346737 5.761814
0.348158 5.737134
0.349579 5.712545
0.351000 5.688065
0.352421 5.663711
0.353842 5.639499
0.355263 5.615447
0.356684 5.591570
0.358105 5.567884
0.359526 5.544405
0.360947 5.521148
0.362368 5.498128
0.363789 5.475361
0.365210 5.452862
0.366631 5.430645
0.368053 5.408724
0.369474 5.387113
0.370895 5.365828
0.372316 5.344881
0.373737 5.324286
0.375158 5.304057
0.376579 5.284207
0.378000 5.264749
0.379421 5.245697
0.380842 5.227062
0.382263 5.208857
0.383684 5.191094
0.385105 5.173786
0.386526 5.156944
0.387947 5.140580
0.389368 5.124705
0.390789 5.109330
0.392210 5.094465
0.393631 5.080122
0.395052 5.066310
0.396473 5.053038
0.397895 5.040318
0.399316 5.028156
0.400737 5.016563
0.402158 5.005547
0.403579 4.995116
0.405000 4.985277
0.406421 4.976038
0.407842 4.967406
0.409263 4.959387
0.410684 4.951986
0.412105 4.945210
0.413526 4.939064
0.414947 4.933552
0.416368 4.928679
0.417789 4.924448
0.419210 4.920862
0.420631 4.917925
0.422052 4.915638
0.423474 4.914003
0.424895 4.913022
0.426316 4.912694

0.426316 4.912694
0.428777 4.913855
0.431238 4.917334
0.433700 4.923120
0.436161 4.931198
0.438622 4.941543
0.441084 4.954126
0.443545 4.968912
0.446006 4.985860
0.448468 5.004921
0.450929 5.026043
0.453390 5.049171
0.455852 5.074241
0.458313 5.101189
0.460774 5.129945
0.463236 5.160436
0.465697 5.192586
0.468158 5.226318
0.470620 5.261550
0.473081 5.298200
0.475542 5.336184
0.478004 5.375417
0.480465 5.415812
0.482926 5.457280
0.485388 5.499735
0.487849 5.543086
0.490310 5.587246
0.492772 5.632122
0.495233 5.677627
0.497694 5.723668
0.500156 5.770156
0.502617 5.816999
0.505078 5.864105
0.507540 5.911383
0.510001 5.958740
0.512462 6.006084
0.514924 6.053320
0.517385 6.100354
0.519846 6.147090
0.522308 6.193434
0.524769 6.239287
0.527230 6.284551
0.529692 6.329128
0.532153 6.372918
0.534614 6.415822
0.537076 6.457739
0.539537 6.498569
0.541998 6.538213
0.544460 6.576574
0.546921 6.613557
0.549382 6.649069
0.551844 6.683025
0.554305 6.715343
0.556766 6.745949
0.559228 6.774779
0.561689 6.801778
0.564150 6.826904
0.566612 6.850126
0.569073 6.871429
0.571534 6.890812
0.573996 6.908288
0.576457 6.923887
0.578918 6.937650
0.581380 6.949635
0.583841 6.959908
0.586302 6.968549
0.588764 6.975645
0.591225 6.981290
0.593686 6.985582
0.596148 6.988625
0.598609 6.990522
0.601070 6.991377
0.603532 6.991293
0.605993 6.990371
0.608454 6.988709
0.610916 6.986401
0.613377 6.983537
0.615838 6.980203
0.618300 6.976479
0.620761 6.972443
0.623222 6.968166
0.625684 6.963714
0.628145 6.959150
0.630606 6.954533
0.633068 6.949915
0.635529 6.945347
0.637990 6.940875
0.640452 6.936539
0.642913 6.932379
0.645374 6.928429
0.647836 6.924721
0.650297 6.921284
0.652758 6.918142
0.655220 6.915318
0.657681 6.912833
0.660142 6.910701
0.662604 6.908938
0.665065 6.907555
0.667526 6.906561
0.669988 6.905962
0.672449 6.905762


0.000000 6.905762
0.001421 6.905905
0.002842 6.906335
0.004263 6.907051
0.005684 6.908053
0.007105 6.909341
0.008526 6.910915
0.009947 6.912773
0.011368 6.914915
0.012790 6.917341
0.014210 6.920050
0.015632 6.923040
0.017053 6.926311
0.018474 6.929862
0.019895 6.933691
0.021316 6.937797
0.022737 6.942180
0.024158 6.946836
0.025579 6.951765
0.027000 6.956966
0.028421 6.962436
0.029842 6.968174
0.031263 6.974177
0.032684 6.980444
0.034105 6.986974
0.035526 6.993762
0.036947 7.000809
0.038368 7.008110
0.039789 7.015665
0.041210 7.023469
0.042632 7.031522
0.044053 7.039821
0.045474 7.048362
0.046895 7.057143
0.048316 7.066161
0.049737 7.075414
0.051158 7.084899
0.052579 7.094612
0.054000 7.104552
0.055421 7.114714
0.056842 7.125095
0.058263 7.135693
0.059684 7.146505
0.061105 7.157526
0.062526 7.168754
0.063947 7.180186
0.065368 7.191817
0.066789 7.203645
0.068210 7.215667
0.069631 7.227878
0.071053 7.240275
0.072474 7.252855
0.073895 7.265613
0.075316 7.278547
0.076737 7.291653
0.078158 7.304927
0.079579 7.318365
0.081000 7.331963
0.082421 7.345719
0.083842 7.359627
0.085263 7.373684
0.086684 7.387887
0.088105 7.402232
0.089526 7.416714
0.090947 7.431330
0.092368 7.446075
0.093789 7.460947
0.095211 7.475941
0.096631 7.491052
0.098053 7.506279
0.099474 7.521615
0.100895 7.537057
0.102316 7.552602
0.103737 7.568245
0.105158 7.583983
0.106579 7.599811
0.108000 7.615725
0.109421 7.631721
0.110842 7.647796
0.112263 7.663946
0.113684 7.680165
0.115105 7.696451
0.116526 7.712800
0.117947 7.729207
0.119368 7.745668
0.120789 7.762180
0.122210 7.778738
0.123632 7.795339
0.125053 7.811978
0.126474 7.828651
0.127895 7.845355
0.129316 7.862086
0.130737 7.878839
0.132158 7.895611
0.133579 7.912397
0.135000 7.929194
0.136421 7.945998
0.137842 7.962805
0.139263 7.979611
0.140684 7.996411
0.142105 8.013203

0.142105 8.013203
0.143526 8.013032
0.144947 8.012518
0.146368 8.011661
0.147789 8.010462
0.149210 8.008921
0.150632 8.007039
0.152053 8.004814
0.153474 8.002249
0.154895 7.999343
0.156316 7.996097
0.157737 7.992512
0.159158 7.988588
0.160579 7.984327
0.162000 7.979729
0.163421 7.974794
0.164842 7.969525
0.166263 7.963921
0.167684 7.957985
0.169105 7.951716
0.170526 7.945117
0.171947 7.938189
0.173368 7.930933
0.174789 7.923351
0.176210 7.915444
0.177631 7.907213
0.179053 7.898660
0.180474 7.889787
0.181895 7.880595
0.183316 7.871087
0.184737 7.861264
0.186158 7.851128
0.187579 7.840680
0.189000 7.829924
0.190421 7.818861
0.191842 7.807492
0.193263 7.795821
0.194684 7.783850
0.196105 7.771580
0.197526 7.759014
0.198947 7.746154
0.200368 7.733003
0.201789 7.719563
0.203210 7.705838
0.204631 7.691828
0.206052 7.677537
0.207474 7.662968
0.208895 7.648122
0.210316 7.633004
0.211737 7.617616
0.213158 7.601959
0.214579 7.586039
0.216000 7.569856
0.217421 7.553415
0.218842 7.536717
0.220263 7.519767
0.221684 7.502567
0.223105 7.491230
0.224526 7.509287
0.225947 7.527189
0.227368 7.544932
0.228789 7.562507
0.230210 7.579910
0.231631 7.597136
0.233052 7.614178
0.234474 7.631032
0.235895 7.647693
0.237316 7.664157
0.238737 7.680419
0.240158 7.696475
0.241579 7.712321
0.243000 7.727954
0.244421 7.743371
0.245842 7.758567
0.247263 7.773540
0.248684 7.788287
0.250105 7.802806
0.251526 7.817093
0.252947 7.831147
0.254368 7.844964
0.255789 7.858544
0.257210 7.871883
0.258632 7.884981
0.260053 7.897835
0.261474 7.910444
0.262895 7.922807
0.264316 7.934922
0.265737 7.946787
0.267158 7.958403
0.268579 7.969767
0.270000 7.980880
0.271421 7.991739
0.272842 8.002345
0.274263 8.012697
0.275684 8.022795
0.277105 8.032638
0.278526 8.042225
0.279947 8.051557
0.281368 8.060633
0.282789 8.069454
0.284210 8.078018

0.284210 8.078018
0.285631 8.078531
0.287052 8.080064
0.288474 8.082611
0.289895 8.086155
0.291316 8.090677
0.292737 8.096152
0.294158 8.102550
0.295579 8.109838
0.297000 8.117980
0.298421 8.126935
0.299842 8.136663
0.301263 8.147120
0.302684 8.158264
0.304105 8.170049
0.305526 8.182433
0.306947 8.195371
0.308368 8.208821
0.309789 8.222740
0.311210 8.237088
0.312631 8.251826
0.314053 8.266916
0.315474 8.282322
0.316895 8.298009
0.318316 8.313944
0.319737 8.330096
0.321158 8.346435
0.322579 8.362932
0.324000 8.379561
0.325421 8.396297
0.326842 8.413115
0.328263 8.429993
0.329684 8.446910
0.331105 8.463845
0.332526 8.480780
0.333947 8.497696
0.335368 8.514577
0.336789 8.531406
0.338210 8.548169
0.339631 8.564850
0.341052 8.581437
0.342473 8.597916
0.343895 8.614276
0.345316 8.630506
0.346737 8.646593
0.348158 8.662528
0.349579 8.678302
0.351000 8.693904
0.352421 8.709326
0.353842 8.724560
0.355263 8.739598
0.356684 8.754431
0.358105 8.769054
0.359526 8.783459
0.360947 8.797640
0.362368 8.811590
0.363789 8.825303
0.365210 8.838774
0.366631 8.851998
0.368053 8.864969
0.369474 8.877682
0.370895 8.890133
0.372316 8.902318
0.373737 8.914231
0.375158 8.925869
0.376579 8.937228
0.378000 8.948305
0.379421 8.959095
0.380842 8.969596
0.382263 8.979803
0.383684 8.989715
0.385105 8.999328
0.386526 9.008639
0.387947 9.017646
0.389368 9.026346
0.390789 9.034736
0.392210 9.042815
0.393631 9.050580
0.395052 9.058029
0.396473 9.065160
0.397895 9.071971
0.399316 9.078461
0.400737 9.084628
0.402158 9.090470
0.403579 9.095986
0.405000 9.101174
0.406421 9.106033
0.407842 9.110562
0.409263 9.114760
0.410684 9.118626
0.412105 9.122159
0.413526 9.125358
0.414947 9.128222
0.416368 9.130751
0.417789 9.132943
0.419210 9.134800
0.420631 9.136319
0.422052 9.137501
0.423474 9.138346
0.424895 9.138853
0.426316 9.139022

0.426316 9.139022
0.428777 9.138064
0.431238 9.135190
0.433700 9.130401
0.436161 9.123696
0.438622 9.115075
0.441084 9.104538
0.443545 9.092085
0.446006 9.077715
0.448468 9.061428
0.450929 9.043225
0.453390 9.023103
0.455852 9.001062
0.458313 8.977103
0.460774 8.951222
0.463236 8.923420
0.465697 8.893694
0.468158 8.862042
0.470620 8.828464
0.473081 8.792955
0.475542 8.755515
0.478004 8.716139
0.480465 8.674825
0.482926 8.631569
0.485388 8.586367
0.487849 8.539216
0.490310 8.490112
0.492772 8.439050
0.495233 8.386026
0.497694 8.331034
0.500156 8.274071
0.502617 8.215132
0.505078 8.154212
0.507540 8.091307
0.510001 8.026413
0.512462 7.959525
0.514924 7.890639
0.517385 7.819754
0.519846 7.746864
0.522308 7.671970
0.524769 7.595068
0.527230 7.516159
0.529692 7.435242
0.532153 7.352319
0.534614 7.267391
0.537076 7.180462
0.539537 7.091535
0.541998 7.000618
0.544460 6.907715
0.546921 6.812836
0.549382 6.715991
0.551844 6.683025
0.554305 6.715343
0.556766 6.745949
0.559228 6.774779
0.561689 6.801778
0.564150 6.826904
0.566612 6.850126
0.569073 6.871429
0.571534 6.890812
0.573996 6.908288
0.576457 6.923887
0.578918 6.937650
0.581380 6.949635
0.583841 6.959908
0.586302 6.968549
0.588764 6.975645
0.591225 6.981290
0.593686 6.985582
0.596148 6.988625
0.598609 6.990522
0.601070 6.991377
0.603532 6.991293
0.605993 6.990371
0.608454 6.988709
0.610916 6.986401
0.613377 6.983537
0.615838 6.980203
0.618300 6.976479
0.620761 6.972443
0.623222 6.968166
0.625684 6.963714
0.628145 6.959150
0.630606 6.954533
0.633068 6.949915
0.635529 6.945347
0.637990 6.940875
0.640452 6.936539
0.642913 6.932379
0.645374 6.928429
0.647836 6.924721
0.650297 6.921284
0.652758 6.918142
0.655220 6.915318
0.657681 6.912833
0.660142 6.910701
0.662604 6.908938
0.665065 6.907555
0.667526 6.906561
0.669988 6.905962
0.672449 6.905762


0.000000 9.065866
0.001421 9.065653
0.002842 9.065014
0.004263 9.063950
0.005684 9.062459
0.007105 9.060541
0.008526 9.058197
0.009947 9.055424
0.011368 9.052222
0.012790 9.048591
0.014210 9.044530
0.015632 9.040036
0.017053 9.035109
0.018474 9.029748
0.019895 9.023950
0.021316 9.017715
0.022737 9.011041
0.024158 9.003925
0.025579 8.996367
0.027000 8.988363
0.028421 8.979912
0.029842 8.971012
0.031263 8.961660
0.032684 8.951855
0.034105 8.941593
0.035526 8.930872
0.036947 8.919690
0.038368 8.908044
0.039789 8.895931
0.041210 8.883349
0.042632 8.870294
0.044053 8.856765
0.045474 8.842759
0.046895 8.828271
0.048316 8.813300
0.049737 8.797843
0.051158 8.781896
0.052579 8.765457
0.054000 8.748523
0.055421 8.731090
0.056842 8.713157
0.058263 8.694719
0.059684 8.675775
0.061105 8.656321
0.062526 8.636354
0.063947 8.615871
0.065368 8.594871
0.066789 8.573349
0.068210 8.551304
0.069631 8.528732
0.071053 8.505631
0.072474 8.481999
0.073895 8.457834
0.075316 8.433132
0.076737 8.407891
0.078158 8.382110
0.079579 8.355786
0.081000 8.328918
0.082421 8.301502
0.083842 8.273538
0.085263 8.245024
0.086684 8.215958
0.088105 8.186339
0.089526 8.156165
0.090947 8.125434
0.092368 8.094147
0.093789 8.062302
0.095211 8.029897
0.096631 7.996933
0.098053 7.963409
0.099474 7.929324
0.100895 7.894677
0.102316 7.859470
0.103737 7.823701
0.105158 7.787370
0.106579 7.750479
0.108000 7.713027
0.109421 7.675015
0.110842 7.647796
0.112263 7.663946
0.113684 7.680165
0.115105 7.696451
0.116526 7.712800
0.117947 7.729207
0.119368 7.745668
0.120789 7.762180
0.122210 7.778738
0.123632 7.795339
0.125053 7.811978
0.126474 7.828651
0.127895 7.845355
0.129316 7.862086
0.130737 7.878839
0.132158 7.895611
0.133579 7.912397
0.135000 7.929194
0.136421 7.945998
0.137842 7.962805
0.139263 7.979611
0.140684 7.996411
0.142105 8.013203

0.142105 8.013203
0.143526 8.013032
0.144947 8.012518
0.146368 8.011661
0.147789 8.010462
0.149210 8.008921
0.150632 8.007039
0.152053 8.004814
0.153474 8.002249
0.154895 7.999343
0.156316 7.996097
0.157737 7.992512
0.159158 7.988588
0.160579 7.984327
0.162000 7.979729
0.163421 7.974794
0.164842 7.969525
0.166263 7.963921
0.167684 7.957985
0.169105 7.951716
0.170526 7.945117
0.171947 7.938189
0.173368 7.930933
0.174789 7.923351
0.176210 7.915444
0.177631 7.907213
0.179053 7.898660
0.180474 7.889787
0.181895 7.880595
0.183316 7.871087
0.184737 7.861264
0.186158 7.851128
0.187579 7.840680
0.189000 7.829924
0.190421 7.818861
0.191842 7.807492
0.193263 7.795821
0.194684 7.783850
0.196105 7.771580
0.197526 7.759014
0.198947 7.746154
0.200368 7.733003
0.201789 7.719563
0.203210 7.705838
0.204631 7.691828
0.206052 7.677537
0.207474 7.662968
0.208895 7.648122
0.210316 7.633004
0.211737 7.617616
0.213158 7.601959
0.214579 7.586039
0.216000 7.569856
0.217421 7.553415
0.218842 7.536717
0.220263 7.519767
0.221684 7.502567
0.223105 7.491230
0.224526 7.509287
0.225947 7.527189
0.227368 7.544932
0.228789 7.562507
0.230210 7.579910
0.231631 7.597136
0.233052 7.614178
0.234474 7.631032
0.235895 7.647693
0.237316 7.664157
0.238737 7.680419
0.240158 7.696475
0.241579 7.712321
0.243000 7.727954
0.244421 7.743371
0.245842 7.758567
0.247263 7.773540
0.248684 7.788287
0.250105 7.802806
0.251526 7.817093
0.252947 7.831147
0.254368 7.844964
0.255789 7.858544
0.257210 7.871883
0.258632 7.884981
0.260053 7.897835
0.261474 7.910444
0.262895 7.922807
0.264316 7.934922
0.265737 7.946787
0.267158 7.958403
0.268579 7.969767
0.270000 7.980880
0.271421 7.991739
0.272842 8.002345
0.274263 8.012697
0.275684 8.022795
0.277105 8.032638
0.278526 8.042225
0.279947 8.051557
0.281368 8.060633
0.282789 8.069454
0.284210 8.078018

0.284210 8.078018
0.285631 8.078531
0.287052 8.080064
0.288474 8.082611
0.289895 8.086155
0.291316 8.090677
0.292737 8.096152
0.294158 8.102550
0.295579 8.109838
0.297000 8.117980
0.298421 8.126935
0.299842 8.136663
0.301263 8.147120
0.302684 8.158264
0.304105 8.170049
0.305526 8.182433
0.306947 8.195371
0.308368 8.208821
0.309789 8.222740
0.311210 8.237088
0.312631 8.251826
0.314053 8.266916
0.315474 8.282322
0.316895 8.298009
0.318316 8.313944
0.319737 8.330096
0.321158 8.346435
0.322579 8.362932
0.324000 8.379561
0.325421 8.396297
0.326842 8.413115
0.328263 8.429993
0.329684 8.446910
0.331105 8.463845
0.332526 8.480780
0.333947 8.497696
0.335368 8.514577
0.336789 8.531406
0.338210 8.548169
0.339631 8.564850
0.341052 8.581437
0.342473 8.597916
0.343895 8.614276
0.345316 8.630506
0.346737 8.646593
0.348158 8.662528
0.349579 8.678302
0.351000 8.693904
0.352421 8.709326
0.353842 8.724560
0.355263 8.739598
0.356684 8.754431
0.358105 8.769054
0.359526 8.783459
0.360947 8.797640
0.362368 8.811590
0.363789 8.825303
0.365210 8.838774
0.366631 8.851998
0.368053 8.864969
0.369474 8.877682
0.370895 8.890133
0.372316 8.902318
0.373737 8.914231
0.375158 8.925869
0.376579 8.937228
0.378000 8.948305
0.379421 8.959095
0.380842 8.969596
0.382263 8.979803
0.383684 8.989715
0.385105 8.999328
0.386526 9.008639
0.387947 9.017646
0.389368 9.026346
0.390789 9.034736
0.392210 9.042815
0.393631 9.050580
0.395052 9.058029
0.396473 9.065160
0.397895 9.071971
0.399316 9.078461
0.400737 9.084628
0.402158 9.090470
0.403579 9.095986
0.405000 9.101174
0.406421 9.106033
0.407842 9.110562
0.409263 9.114760
0.410684 9.118626
0.412105 9.122159
0.413526 9.125358
0.414947 9.128222
0.416368 9.130751
0.417789 9.132943
0.419210 9.134800
0.420631 9.136319
0.422052 9.137501
0.423474 9.138346
0.424895 9.138853
0.426316 9.139022

0.426316 9.139022
0.428777 9.138665
0.431238 9.137596
0.433700 9.135817
0.436161 9.133330
0.438622 9.130139
0.441084 9.126250
0.443545 9.121669
0.446006 9.116404
0.448468 9.110464
0.450929 9.103859
0.453390 9.096601
0.455852 9.088702
0.458313 9.080176
0.460774 9.071038
0.463236 9.061306
0.465697 9.050997
0.468158 9.040130
0.470620 9.028727
0.473081 9.016809
0.475542 9.004400
0.478004 8.991526
0.480465 8.978213
0.482926 8.964490
0.485388 8.950386
0.487849 8.935935
0.490310 8.921168
0.492772 8.906122
0.495233 8.890834
0.497694 8.875343
0.500156 8.859691
0.502617 8.843919
0.505078 8.828075
0.507540 8.812205
0.510001 8.796359
0.512462 8.780590
0.514924 8.764952
0.517385 8.749502
0.519846 8.734299
0.522308 8.719406
0.524769 8.704887
0.527230 8.690808
0.529692 8.677239
0.532153 8.664250
0.534614 8.651914
0.537076 8.640304
0.539537 8.629497
0.541998 8.619565
0.544460 8.610586
0.546921 8.602630
0.549382 8.595770
0.551844 8.590072
0.554305 8.585597
0.556766 8.582401
0.559228 8.580532
0.561689 8.580027
0.564150 8.580912
0.566612 8.583202
0.569073 8.586899
0.571534 8.591990
0.573996 8.598449
0.576457 8.606235
0.578918 8.615294
0.581380 8.625560
0.583841 8.636955
0.586302 8.649393
0.588764 8.662777
0.591225 8.677008
0.593686 8.691979
0.596148 8.707584
0.598609 8.723713
0.601070 8.740260
0.603532 8.757119
0.605993 8.774188
0.608454 8.791366
0.610916 8.808560
0.613377 8.825681
0.615838 8.842643
0.618300 8.859367
0.620761 8.875781
0.623222 8.891814
0.625684 8.907404
0.628145 8.922492
0.630606 8.937025
0.633068 8.950953
0.635529 8.964232
0.637990 8.976822
0.640452 8.988685
0.642913 8.999789
0.645374 9.010105
0.647836 9.019604
0.650297 9.028265
0.652758 9.036067
0.655220 9.042991
0.657681 9.049021
0.660142 9.054146
0.662604 9.058354
0.665065 9.061635
0.667526 9.063984
0.669988 9.065395
0.672449 9.065866


0.000000 9.065866
0.001421 9.065737
0.002842 9.065350
0.004263 9.064705
0.005684 9.063803
0.007105 9.062643
0.008526 9.061226
0.009947 9.059553
0.011368 9.057623
0.012790 9.055437
0.014210 9.052995
0.015632 9.050299
0.017053 9.047349
0.018474 9.044146
0.019895 9.040690
0.021316 9.036982
0.022737 9.033024
0.024158 9.028816
0.025579 9.024358
0.027000 9.019654
0.028421 9.014702
0.029842 9.009505
0.031263 9.004065
0.032684 8.998381
0.034105 8.992456
0.035526 8.986292
0.036947 8.979888
0.038368 8.973248
0.039789 8.966373
0.041210 8.959264
0.042632 8.951924
0.044053 8.944353
0.045474 8.936554
0.046895 8.928529
0.048316 8.920280
0.049737 8.911808
0.051158 8.903115
0.052579 8.894205
0.054000 8.885078
0.055421 8.875737
0.056842 8.866185
0.058263 8.856423
0.059684 8.846454
0.061105 8.836281
0.062526 8.825905
0.063947 8.815329
0.065368 8.804556
0.066789 8.793588
0.068210 8.782428
0.069631 8.771079
0.071053 8.759542
0.072474 8.747822
0.073895 8.735920
0.075316 8.723839
0.076737 8.711583
0.078158 8.699153
0.079579 8.686554
0.081000 8.673788
0.082421 8.660858
0.083842 8.647766
0.085263 8.634517
0.086684 8.621112
0.088105 8.607556
0.089526 8.593851
0.090947 8.580000
0.092368 8.566007
0.093789 8.551875
0.095211 8.537607
0.096631 8.523206
0.098053 8.508676
0.099474 8.494020
0.100895 8.479242
0.102316 8.464344
0.103737 8.449330
0.105158 8.434205
0.106579 8.418970
0.108000 8.403629
0.109421 8.388187
0.110842 8.372646
0.112263 8.357010
0.113684 8.341283
0.115105 8.325468
0.116526 8.309570
0.117947 8.293590
0.119368 8.277534
0.120789 8.261404
0.122210 8.245205
0.123632 8.228940
0.125053 8.212612
0.126474 8.196227
0.127895 8.179786
0.129316 8.163295
0.130737 8.146756
0.132158 8.130174
0.133579 8.113552
0.135000 8.096894
0.136421 8.080205
0.137842 8.063487
0.139263 8.046745
0.140684 8.029982
0.142105 8.013203

0.142105 8.013203
0.143526 8.013358
0.144947 8.013821
0.146368 8.014590
0.147789 8.015662
0.149210 8.017031
0.150632 8.018691
0.152053 8.020635
0.153474 8.022854
0.154895 8.025337
0.156316 8.028073
0.157737 8.031052
0.159158 8.034261
0.160579 8.037686
0.162000 8.041315
0.163421 8.045133
0.164842 8.049125
0.166263 8.053279
0.167684 8.057578
0.169105 8.062010
0.170526 8.066559
0.171947 8.071210
0.173368 8.075951
0.174789 8.080767
0.176210 8.085645
0.177631 8.090572
0.179053 8.095534
0.180474 8.100520
0.181895 8.105516
0.183316 8.110513
0.184737 8.115497
0.186158 8.120459
0.187579 8.125388
0.189000 8.130274
0.190421 8.135107
0.191842 8.139878
0.193263 8.144579
0.194684 8.149200
0.196105 8.153734
0.197526 8.158173
0.198947 8.162509
0.200368 8.166736
0.201789 8.170847
0.203210 8.174834
0.204631 8.178693
0.206052 8.182416
0.207474 8.185999
0.208895 8.189436
0.210316 8.192722
0.211737 8.195852
0.213158 8.198821
0.214579 8.201624
0.216000 8.204259
0.217421 8.206719
0.218842 8.209002
0.220263 8.211103
0.221684 8.213019
0.223105 8.214747
0.224526 8.216282
0.225947 8.217623
0.227368 8.218765
0.228789 8.219707
0.230210 8.220444
0.231631 8.220975
0.233052 8.221296
0.234474 8.221406
0.235895 8.221302
0.237316 8.220981
0.238737 8.220441
0.240158 8.219681
0.241579 8.218698
0.243000 8.217490
0.244421 8.216054
0.245842 8.214391
0.247263 8.212497
0.248684 8.210370
0.250105 8.208010
0.251526 8.205415
0.252947 8.202583
0.254368 8.199512
0.255789 8.196202
0.257210 8.192651
0.258632 8.188857
0.260053 8.184820
0.261474 8.180538
0.262895 8.176011
0.264316 8.171236
0.265737 8.166214
0.267158 8.160943
0.268579 8.155422
0.270000 8.149651
0.271421 8.143628
0.272842 8.137353
0.274263 8.130826
0.275684 8.124046
0.277105 8.117011
0.278526 8.109723
0.279947 8.102179
0.281368 8.094381
0.282789 8.086327
0.284210 8.078018

0.284210 8.078018
0.285631 8.078531
0.287052 8.080064
0.288474 8.082611
0.289895 8.086155
0.291316 8.090677
0.292737 8.096152
0.294158 8.102550
0.295579 8.109838
0.297000 8.117980
0.298421 8.126935
0.299842 8.136663
0.301263 8.147120
0.302684 8.158264
0.304105 8.170049
0.305526 8.182433
0.306947 8.195371
0.308368 8.208821
0.309789 8.222740
0.311210 8.237088
0.312631 8.251826
0.314053 8.266916
0.315474 8.282322
0.316895 8.298009
0.318316 8.313944
0.319737 8.330096
0.321158 8.346435
0.322579 8.362932
0.324000 8.379561
0.325421 8.396297
0.326842 8.413115
0.328263 8.429993
0.329684 8.446910
0.331105 8.463845
0.332526 8.480780
0.333947 8.497696
0.335368 8.514577
0.336789 8.531406
0.338210 8.548169
0.339631 8.564850
0.341052 8.581437
0.342473 8.597916
0.343895 8.614276
0.345316 8.630506
0.346737 8.646593
0.348158 8.662528
0.349579 8.678302
0.351000 8.693904
0.352421 8.709326
0.353842 8.724560
0.355263 8.739598
0.356684 8.754431
0.358105 8.769054
0.359526 8.783459
0.360947 8.797640
0.362368 8.811590
0.363789 8.825303
0.365210 8.838774
0.366631 8.851998
0.368053 8.864969
0.369474 8.877682
0.370895 8.890133
0.372316 8.902318
0.373737 8.914231
0.375158 8.925869
0.376579 8.937228
0.378000 8.948305
0.379421 8.959095
0.380842 8.969596
0.382263 8.979803
0.383684 8.989715
0.385105 8.999328
0.386526 9.008639
0.387947 9.017646
0.389368 9.026346
0.390789 9.034736
0.392210 9.042815
0.393631 9.050580
0.395052 9.058029
0.396473 9.065160
0.397895 9.071971
0.399316 9.078461
0.400737 9.084628
0.402158 9.090470
0.403579 9.095986
0.405000 9.101174
0.406421 9.106033
0.407842 9.110562
0.409263 9.114760
0.410684 9.118626
0.412105 9.122159
0.413526 9.125358
0.414947 9.128222
0.416368 9.130751
0.417789 9.132943
0.419210 9.134800
0.420631 9.136319
0.422052 9.137501
0.423474 9.138346
0.424895 9.138853
0.426316 9.139022

0.426316 9.139022
0.428777 9.138665
0.431238 9.137596
0.433700 9.135817
0.436161 9.133330
0.438622 9.130139
0.441084 9.126250
0.443545 9.121669
0.446006 9.116404
0.448468 9.110464
0.450929 9.103859
0.453390 9.096601
0.455852 9.088702
0.458313 9.080176
0.460774 9.071038
0.463236 9.061306
0.465697 9.050997
0.468158 9.040130
0.470620 9.028727
0.473081 9.016809
0.475542 9.004400
0.478004 8.991526
0.480465 8.978213
0.482926 8.964490
0.485388 8.950386
0.487849 8.935935
0.490310 8.921168
0.492772 8.906122
0.495233 8.890834
0.497694 8.875343
0.500156 8.859691
0.502617 8.843919
0.505078 8.828075
0.507540 8.812205
0.510001 8.796359
0.512462 8.780590
0.514924 8.764952
0.517385 8.749502
0.519846 8.734299
0.522308 8.719406
0.524769 8.704887
0.527230 8.690808
0.529692 8.677239
0.532153 8.664250
0.534614 8.651914
0.537076 8.640304
0.539537 8.629497
0.541998 8.619565
0.544460 8.610586
0.546921 8.602630
0.549382 8.595770
0.551844 8.590072
0.554305 8.585597
0.556766 8.582401
0.559228 8.580532
0.561689 8.580027
0.564150 8.580912
0.566612 8.583202
0.569073 8.586899
0.571534 8.591990
0.573996 8.598449
0.576457 8.606235
0.578918 8.615294
0.581380 8.625560
0.583841 8.636955
0.586302 8.649393
0.588764 8.662777
0.591225 8.677008
0.593686 8.691979
0.596148 8.707584
0.598609 8.723713
0.601070 8.740260
0.603532 8.757119
0.605993 8.774188
0.608454 8.791366
0.610916 8.808560
0.613377 8.825681
0.615838 8.842643
0.618300 8.859367
0.620761 8.875781
0.623222 8.891814
0.625684 8.907404
0.628145 8.922492
0.630606 8.937025
0.633068 8.950953
0.635529 8.964232
0.637990 8.976822
0.640452 8.988685
0.642913 8.999789
0.645374 9.010105
0.647836 9.019604
0.650297 9.028265
0.652758 9.036067
0.655220 9.042991
0.657681 9.049021
0.660142 9.054146
0.662604 9.058354
0.665065 9.061635
0.667526 9.063984
0.669988 9.065395
0.672449 9.065866


0.000000 9.065866
0.001421 9.065737
0.002842 9.065350
0.004263 9.064705
0.005684 9.063803
0.007105 9.062643
0.008526 9.061226
0.009947 9.059553
0.011368 9.057623
0.012790 9.055437
0.014210 9.052995
0.015632 9.050299
0.017053 9.047349
0.018474 9.044146
0.019895 9.040690
0.021316 9.036982
0.022737 9.033024
0.024158 9.028816
0.025579 9.024358
0.027000 9.019654
0.028421 9.014702
0.029842 9.009505
0.031263 9.004065
0.032684 8.998381
0.034105 8.992456
0.035526 8.986292
0.036947 8.979888
0.038368 8.973248
0.039789 8.966373
0.041210 8.959264
0.042632 8.951924
0.044053 8.944353
0.045474 8.936554
0.046895 8.928529
0.048316 8.920280
0.049737 8.911808
0.051158 8.903115
0.052579 8.894205
0.054000 8.885078
0.055421 8.875737
0.056842 8.866185
0.058263 8.856423
0.059684 8.846454
0.061105 8.836281
0.062526 8.825905
0.063947 8.815329
0.065368 8.804556
0.066789 8.793588
0.068210 8.782428
0.069631 8.771079
0.071053 8.759542
0.072474 8.747822
0.073895 8.735920
0.075316 8.723839
0.076737 8.711583
0.078158 8.699153
0.079579 8.686554
0.081000 8.673788
0.082421 8.660858
0.083842 8.647766
0.085263 8.634517
0.086684 8.621112
0.088105 8.607556
0.089526 8.593851
0.090947 8.580000
0.092368 8.566007
0.093789 8.551875
0.095211 8.537607
0.096631 8.523206
0.098053 8.508676
0.099474 8.494020
0.100895 8.479242
0.102316 8.464344
0.103737 8.449330
0.105158 8.434205
0.106579 8.418970
0.108000 8.403629
0.109421 8.388187
0.110842 8.372646
0.112263 8.357010
0.113684 8.341283
0.115105 8.325468
0.116526 8.309570
0.117947 8.293590
0.119368 8.277534
0.120789 8.261404
0.122210 8.245205
0.123632 8.228940
0.125053 8.212612
0.126474 8.196227
0.127895 8.179786
0.129316 8.163295
0.130737 8.146756
0.132158 8.130174
0.133579 8.113552
0.135000 8.096894
0.136421 8.080205
0.137842 8.063487
0.139263 8.046745
0.140684 8.029982
0.142105 8.013203

0.142105 8.013203
0.143526 8.013358
0.144947 8.013821
0.146368 8.014590
0.147789 8.015662
0.149210 8.017031
0.150632 8.018691
0.152053 8.020635
0.153474 8.022854
0.154895 8.025337
0.156316 8.028073
0.157737 8.031052
0.159158 8.034261
0.160579 8.037686
0.162000 8.041315
0.163421 8.045133
0.164842 8.049125
0.166263 8.053279
0.167684 8.057578
0.169105 8.062010
0.170526 8.066559
0.171947 8.071210
0.173368 8.075951
0.174789 8.080767
0.176210 8.085645
0.177631 8.090572
0.179053 8.095534
0.180474 8.100520
0.181895 8.105516
0.183316 8.110513
0.184737 8.115497
0.186158 8.120459
0.187579 8.125388
0.189000 8.130274
0.190421 8.135107
0.191842 8.139878
0.193263 8.144579
0.194684 8.149200
0.196105 8.153734
0.197526 8.158173
0.198947 8.162509
0.200368 8.166736
0.201789 8.170847
0.203210 8.174834
0.204631 8.178693
0.206052 8.182416
0.207474 8.185999
0.208895 8.189436
0.210316 8.192722
0.211737 8.195852
0.213158 8.198821
0.214579 8.201624
0.216000 8.204259
0.217421 8.206719
0.218842 8.209002
0.220263 8.211103
0.221684 8.213019
0.223105 8.214747
0.224526 8.216282
0.225947 8.217623
0.227368 8.218765
0.228789 8.219707
0.230210 8.220444
0.231631 8.220975
0.233052 8.221296
0.234474 8.221406
0.235895 8.221302
0.237316 8.220981
0.238737 8.220441
0.240158 8.219681
0.241579 8.218698
0.243000 8.217490
0.244421 8.216054
0.245842 8.214391
0.247263 8.212497
0.248684 8.210370
0.250105 8.208010
0.251526 8.205415
0.252947 8.202583
0.254368 8.199512
0.255789 8.196202
0.257210 8.192651
0.258632 8.188857
0.260053 8.184820
0.261474 8.180538
0.262895 8.176011
0.264316 8.171236
0.265737 8.166214
0.267158 8.160943
0.268579 8.155422
0.270000 8.149651
0.271421 8.143628
0.272842 8.137353
0.274263 8.130826
0.275684 8.124046
0.277105 8.117011
0.278526 8.109723
0.279947 8.102179
0.281368 8.094381
0.282789 8.086327
0.284210 8.078018

0.284210 8.078018
0.285631 8.078531
0.287052 8.080064
0.288474 8.082611
0.289895 8.086155
0.291316 8.090677
0.292737 8.096152
0.294158 8.102550
0.295579 8.109838
0.297000 8.117980
0.298421 8.126935
0.299842 8.136663
0.301263 8.147120
0.302684 8.158264
0.304105 8.170049
0.305526 8.182433
0.306947 8.195371
0.308368 8.208821
0.309789 8.222740
0.311210 8.237088
0.312631 8.251826
0.314053 8.266916
0.315474 8.282322
0.316895 8.298009
0.318316 8.313944
0.319737 8.330096
0.321158 8.346435
0.322579 8.362932
0.324000 8.379561
0.325421 8.396297
0.326842 8.413115
0.328263 8.429993
0.329684 8.446910
0.331105 8.463845
0.332526 8.480780
0.333947 8.497696
0.335368 8.514577
0.336789 8.531406
0.338210 8.548169
0.339631 8.564850
0.341052 8.581437
0.342473 8.597916
0.343895 8.614276
0.345316 8.630506
0.346737 8.646593
0.348158 8.662528
0.349579 8.678302
0.351000 8.693904
0.352421 8.709326
0.353842 8.724560
0.355263 8.739598
0.356684 8.754431
0.358105 8.769054
0.359526 8.783459
0.360947 8.797640
0.362368 8.811590
0.363789 8.825303
0.365210 8.838774
0.366631 8.851998
0.368053 8.864969
0.369474 8.877682
0.370895 8.890133
0.372316 8.902318
0.373737 8.914231
0.375158 8.925869
0.376579 8.937228
0.378000 8.948305
0.379421 8.959095
0.380842 8.969596
0.382263 8.979803
0.383684 8.989715
0.385105 8.999328
0.386526 9.008639
0.387947 9.017646
0.389368 9.026346
0.390789 9.034736
0.392210 9.042815
0.393631 9.050580
0.395052 9.058029
0.396473 9.065160
0.397895 9.071971
0.399316 9.078461
0.400737 9.084628
0.402158 9.090470
0.403579 9.095986
0.405000 9.101174
0.406421 9.106033
0.407842 9.110562
0.409263 9.114760
0.410684 9.118626
0.412105 9.122159
0.413526 9.125358
0.414947 9.128222
0.416368 9.130751
0.417789 9.132943
0.419210 9.134800
0.420631 9.136319
0.422052 9.137501
0.423474 9.138346
0.424895 9.138853
0.426316 9.139022

0.426316 9.139022
0.428777 9.138665
0.431238 9.137596
0.433700 9.135817
0.436161 9.133330
0.438622 9.130139
0.441084 9.126250
0.443545 9.121669
0.446006 9.116404
0.448468 9.110464
0.450929 9.103859
0.453390 9.096601
0.455852 9.088702
0.458313 9.080176
0.460774 9.071038
0.463236 9.061306
0.465697 9.050997
0.468158 9.040130
0.470620 9.028727
0.473081 9.016809
0.475542 9.004400
0.478004 8.991526
0.480465 8.978213
0.482926 8.964490
0.485388 8.950386
0.487849 8.935935
0.490310 8.921168
0.492772 8.906122
0.495233 8.890834
0.497694 8.875343
0.500156 8.859691
0.502617 8.843919
0.505078 8.828075
0.507540 8.812205
0.510001 8.796359
0.512462 8.780590
0.514924 8.764952
0.517385 8.749502
0.519846 8.734299
0.522308 8.719406
0.524769 8.704887
0.527230 8.690808
0.529692 8.677239
0.532153 8.664250
0.534614 8.651914
0.537076 8.640304
0.539537 8.629497
0.541998 8.619565
0.544460 8.610586
0.546921 8.602630
0.549382 8.595770
0.551844 8.590072
0.554305 8.585597
0.556766 8.582401
0.559228 8.580532
0.561689 8.580027
0.564150 8.580912
0.566612 8.583202
0.569073 8.586899
0.571534 8.591990
0.573996 8.598449
0.576457 8.606235
0.578918 8.615294
0.581380 8.625560
0.583841 8.636955
0.586302 8.649393
0.588764 8.662777
0.591225 8.677008
0.593686 8.691979
0.596148 8.707584
0.598609 8.723713
0.601070 8.740260
0.603532 8.757119
0.605993 8.774188
0.608454 8.791366
0.610916 8.808560
0.613377 8.825681
0.615838 8.842643
0.618300 8.859367
0.620761 8.875781
0.623222 8.891814
0.625684 8.907404
0.628145 8.922492
0.630606 8.937025
0.633068 8.950953
0.635529 8.964232
0.637990 8.976822
0.640452 8.988685
0.642913 8.999789
0.645374 9.010105
0.647836 9.019604
0.650297 9.028265
0.652758 9.036067
0.655220 9.042991
0.657681 9.049021
0.660142 9.054146
0.662604 9.058354
0.665065 9.061635
0.667526 9.063984
0.669988 9.065395
0.672449 9.065866



