# distance  frequency (bands are separated by blank lines)
# End points of segments: 
#   0.00000000 0.13774100 0.27548210 0.41322310 0.65179760 
0.000000 -0.000000
0.001377 0.065911
0.002755 0.131811
0.004132 0.197691
0.005510 0.263539
0.006887 0.329346
0.008264 0.395101
0.009642 0.460794
0.011019 0.526415
0.012397 0.591953
0.013774 0.657397
0.015152 0.722739
0.016529 0.787968
0.017906 0.853073
0.019284 0.918045
0.020661 0.982874
0.022039 1.047550
0.023416 1.112063
0.024793 1.176403
0.026171 1.240561
0.027548 1.304527
0.028926 1.368291
0.030303 1.431845
0.031680 1.495178
0.033058 1.558283
0.034435 1.621148
0.035813 1.683767
0.037190 1.746129
0.038567 1.808226
0.039945 1.870050
0.041322 1.931591
0.042700 1.992842
0.044077 2.053794
0.045455 2.114438
0.046832 2.174769
0.048209 2.234776
0.049587 2.294452
0.050964 2.353791
0.052342 2.412784
0.053719 2.471425
0.055096 2.529706
0.056474 2.587620
0.057851 2.645160
0.059229 2.702321
0.060606 2.759094
0.061983 2.815475
0.063361 2.871457
0.064738 2.927034
0.066116 2.982200
0.067493 3.036950
0.068871 3.091279
0.070248 3.145180
0.071625 3.198649
0.073003 3.251681
0.074380 3.304272
0.075758 3.356416
0.077135 3.408110
0.078512 3.459350
0.079890 3.510130
0.081267 3.560449
0.082645 3.610301
0.084022 3.659684
0.085399 3.708594
0.086777 3.757029
0.088154 3.804985
0.089532 3.852460
0.090909 3.899451
0.092286 3.945956
0.093664 3.991973
0.095041 4.037500
0.096419 4.082535
0.097796 4.127077
0.099174 4.171124
0.100551 4.214675
0.101928 4.257729
0.103306 4.300285
0.104683 4.342342
0.106061 4.383901
0.107438 4.424960
0.108815 4.465519
0.110193 4.505578
0.111570 4.545138
0.112948 4.584199
0.114325 4.622761
0.115702 4.660826
0.117080 4.698392
0.118457 4.735463
0.119835 4.772038
0.121212 4.808119
0.122590 4.843707
0.123967 4.878804
0.125344 4.913411
0.126722 4.947531
0.128099 4.981165
0.129477 5.014315
0.130854 5.046983
0.132231 5.079172
0.133609 5.110884
0.134986 5.142121
0.136364 5.172886
0.137741 5.203182

0.137741 5.203182
0.139119 5.202653
0.140496 5.201068
0.141873 5.198431
0.143251 5.194752
0.144628 5.190043
0.146006 5.184320
0.147383 5.177601
0.148760 5.169907
0.150138 5.161263
0.151515 5.151696
0.152893 5.141235
0.154270 5.129911
0.155647 5.117756
0.157025 5.104806
0.158402 5.091097
0.159780 5.076664
0.161157 5.061548
0.162534 5.045785
0.163912 5.029417
0.165289 5.012482
0.166667 4.995021
0.168044 4.977075
0.169422 4.958683
0.170799 4.939888
0.172176 4.920729
0.173554 4.901246
0.174931 4.881481
0.176309 4.861473
0.177686 4.841263
0.179063 4.820889
0.180441 4.800391
0.181818 4.779808
0.183196 4.759178
0.184573 4.738539
0.185950 4.717930
0.187328 4.697388
0.188705 4.676949
0.190083 4.656650
0.191460 4.636526
0.192837 4.616614
0.194215 4.596948
0.195592 4.577562
0.196970 4.558491
0.198347 4.539767
0.199724 4.521423
0.201102 4.503491
0.202479 4.486001
0.203857 4.468985
0.205234 4.452472
0.206612 4.436491
0.207989 4.421069
0.209366 4.406234
0.210744 4.392012
0.212121 4.378427
0.213499 4.365504
0.214876 4.353265
0.216253 4.341732
0.217631 4.330926
0.219008 4.320865
0.220386 4.311569
0.221763 4.303053
0.223140 4.295332
0.224518 4.288422
0.225895 4.282334
0.227273 4.277079
0.228650 4.272667
0.230027 4.269106
0.231405 4.266402
0.232782 4.264562
0.234160 4.263588
0.235537 4.263482
0.236915 4.264245
0.238292 4.265877
0.239669 4.268374
0.241047 4.271734
0.242424 4.275950
0.243802 4.281017
0.245179 4.286926
0.246557 4.293669
0.247934 4.301234
0.249311 4.309611
0.250689 4.318786
0.252066 4.328745
0.253443 4.339475
0.254821 4.350958
0.256198 4.363178
0.257576 4.376117
0.258953 4.389758
0.260331 4.404080
0.261708 4.419065
0.263085 4.434691
0.264463 4.450939
0.265840 4.467787
0.267218 4.485212
0.268595 4.503194
0.269973 4.521710
0.271350 4.540738
0.272727 4.560254
0.274105 4.580237
0.275482 4.600664

0.275482 4.600664
0.276859 4.600684
0.278237 4.600744
0.279614 4.600845
0.280992 4.600986
0.282369 4.601166
0.283747 4.601387
0.285124 4.601647
0.286501 4.601946
0.287879 4.602285
0.289256 4.602662
0.290634 4.603077
0.292011 4.603530
0.293388 4.604020
0.294766 4.604548
0.296143 4.605111
0.297521 4.605711
0.298898 4.606346
0.300275 4.607015
0.301653 4.607718
0.303030 4.608454
0.304408 4.609223
0.305785 4.610023
0.307163 4.610855
0.308540 4.611716
0.309917 4.612606
0.311295 4.613525
0.312672 4.614470
0.314050 4.615443
0.315427 4.616440
0.316804 4.617462
0.318182 4.618508
0.319559 4.619575
0.320937 4.620664
0.322314 4.621773
0.323692 4.622901
0.325069 4.624048
0.326446 4.625210
0.327824 4.626389
0.329201 4.627582
0.330578 4.628788
0.331956 4.630006
0.333333 4.631235
0.334711 4.632474
0.336088 4.633721
0.337466 4.634975
0.338843 4.636235
0.340220 4.637500
0.341598 4.638768
0.342975 4.640039
0.344353 4.641310
0.345730 4.642581
0.347107 4.643851
0.348485 4.645117
0.349862 4.646379
0.351240 4.647637
0.352617 4.648887
0.353994 4.650130
0.355372 4.651363
0.356749 4.652587
0.358127 4.653799
0.359504 4.654998
0.360882 4.656184
0.362259 4.657354
0.363636 4.658509
0.365014 4.659646
0.366391 4.660765
0.367769 4.661865
0.369146 4.662944
0.370523 4.664001
0.371901 4.665036
0.373278 4.666048
0.374656 4.667034
0.376033 4.667996
0.377410 4.668930
0.378788 4.669838
0.380165 4.670717
0.381543 4.671567
0.382920 4.672388
0.384298 4.673177
0.385675 4.673935
0.387052 4.674661
0.388430 4.675354
0.389807 4.676013
0.391185 4.676638
0.392562 4.677229
0.393939 4.677784
0.395317 4.678303
0.396694 4.678785
0.398072 4.679231
0.399449 4.679640
0.400826 4.680010
0.402204 4.680343
0.403581 4.680637
0.404959 4.680893
0.406336 4.681110
0.407714 4.681287
0.409091 4.681426
0.410468 4.681524
0.411846 4.681584
0.413223 4.681604

0.413223 4.681604
0.415609 4.680910
0.417995 4.678829
0.420380 4.675367
0.422766 4.670529
0.425152 4.664327
0.427538 4.656772
0.429923 4.647879
0.432309 4.637666
0.434695 4.626152
0.437081 4.613359
0.439466 4.599311
0.441852 4.584031
0.444238 4.567547
0.446624 4.549884
0.449009 4.531072
0.451395 4.511137
0.453781 4.490108
0.456166 4.468014
0.458552 4.444882
0.460938 4.420738
0.463324 4.395610
0.465709 4.369521
0.468095 4.342495
0.470481 4.314554
0.472867 4.285717
0.475253 4.256002
0.477638 4.225424
0.480024 4.193998
0.482410 4.161734
0.484795 4.128640
0.487181 4.094724
0.489567 4.059988
0.491953 4.024435
0.494339 3.988064
0.496724 3.950873
0.499110 3.912857
0.501496 3.874010
0.503881 3.834324
0.506267 3.793791
0.508653 3.752401
0.511039 3.710142
0.513424 3.667005
0.515810 3.622977
0.518196 3.578047
0.520582 3.532204
0.522967 3.485438
0.525353 3.437741
0.527739 3.389103
0.530125 3.339518
0.532510 3.288981
0.534896 3.237490
0.537282 3.185043
0.539668 3.131642
0.542053 3.077292
0.544439 3.021998
0.546825 2.965769
0.549211 2.908618
0.551596 2.850560
0.553982 2.791611
0.556368 2.731792
0.558754 2.671126
0.561139 2.609639
0.563525 2.547358
0.565911 2.484314
0.568297 2.420538
0.570682 2.356067
0.573068 2.290936
0.575454 2.225182
0.577839 2.158845
0.580225 2.091965
0.582611 2.024583
0.584997 1.956741
0.587383 1.888479
0.589768 1.819838
0.592154 1.750861
0.594540 1.681587
0.596925 1.612055
0.599311 1.542303
0.601697 1.472368
0.604083 1.402283
0.606468 1.332081
0.608854 1.261793
0.611240 1.191446
0.613626 1.121064
0.616012 1.050672
0.618397 0.980287
0.620783 0.909926
0.623169 0.839604
0.625554 0.769330
0.627940 0.699113
0.630326 0.628958
0.632712 0.558867
0.635097 0.488840
0.637483 0.418875
0.639869 0.348966
0.642255 0.279108
0.644640 0.209292
0.647026 0.139509
0.649412 0.069749
0.651798 -0.000000


0.000000 -0.000000
0.001377 0.065911
0.002755 0.131811
0.004132 0.197691
0.005510 0.263539
0.006887 0.329346
0.008264 0.395101
0.009642 0.460794
0.011019 0.526415
0.012397 0.591953
0.013774 0.657397
0.015152 0.722739
0.016529 0.787968
0.017906 0.853073
0.019284 0.918045
0.020661 0.982874
0.022039 1.047550
0.023416 1.112063
0.024793 1.176403
0.026171 1.240561
0.027548 1.304527
0.028926 1.368291
0.030303 1.431845
0.031680 1.495178
0.033058 1.558283
0.034435 1.621148
0.035813 1.683767
0.037190 1.746129
0.038567 1.808226
0.039945 1.870050
0.041322 1.931591
0.042700 1.992842
0.044077 2.053794
0.045455 2.114438
0.046832 2.174769
0.048209 2.234776
0.049587 2.294452
0.050964 2.353791
0.052342 2.412784
0.053719 2.471425
0.055096 2.529706
0.056474 2.587620
0.057851 2.645160
0.059229 2.702321
0.060606 2.759094
0.061983 2.815475
0.063361 2.871457
0.064738 2.927034
0.066116 2.982200
0.067493 3.036950
0.068871 3.091279
0.070248 3.145180
0.071625 3.198649
0.073003 3.251681
0.074380 3.304272
0.075758 3.356416
0.077135 3.408110
0.078512 3.459350
0.079890 3.510130
0.081267 3.560449
0.082645 3.610301
0.084022 3.659684
0.085399 3.708594
0.086777 3.757029
0.088154 3.804985
0.089532 3.852460
0.090909 3.899451
0.092286 3.945956
0.093664 3.991973
0.095041 4.037500
0.096419 4.082535
0.097796 4.127077
0.099174 4.171124
0.100551 4.214675
0.101928 4.257729
0.103306 4.300285
0.104683 4.342342
0.106061 4.383901
0.107438 4.424960
0.108815 4.465519
0.110193 4.505578
0.111570 4.545138
0.112948 4.584199
0.114325 4.622761
0.115702 4.660826
0.117080 4.698392
0.118457 4.735463
0.119835 4.772038
0.121212 4.808119
0.122590 4.843707
0.123967 4.878804
0.125344 4.913411
0.126722 4.947531
0.128099 4.981165
0.129477 5.014315
0.130854 5.046983
0.132231 5.079172
0.133609 5.110884
0.134986 5.142121
0.136364 5.172886
0.137741 5.203182

0.137741 5.203182
0.139119 5.202653
0.140496 5.201068
0.141873 5.198431
0.143251 5.194752
0.144628 5.190043
0.146006 5.184320
0.147383 5.177601
0.148760 5.169907
0.150138 5.161263
0.151515 5.151696
0.152893 5.141235
0.154270 5.129911
0.155647 5.117756
0.157025 5.104806
0.158402 5.091097
0.159780 5.076664
0.161157 5.061548
0.162534 5.045785
0.163912 5.029417
0.165289 5.012482
0.166667 4.995021
0.168044 4.977075
0.169422 4.958683
0.170799 4.939888
0.172176 4.920729
0.173554 4.901246
0.174931 4.881481
0.176309 4.861473
0.177686 4.841263
0.179063 4.820889
0.180441 4.800391
0.181818 4.779808
0.183196 4.759178
0.184573 4.738539
0.185950 4.717930
0.187328 4.697388
0.188705 4.676949
0.190083 4.656650
0.191460 4.636526
0.192837 4.616614
0.194215 4.596948
0.195592 4.577562
0.196970 4.558491
0.198347 4.539767
0.199724 4.521423
0.201102 4.503491
0.202479 4.486001
0.203857 4.468985
0.205234 4.452472
0.206612 4.436491
0.207989 4.421069
0.209366 4.406234
0.210744 4.392012
0.212121 4.378427
0.213499 4.365504
0.214876 4.353265
0.216253 4.341732
0.217631 4.330926
0.219008 4.320865
0.220386 4.311569
0.221763 4.303053
0.223140 4.295332
0.224518 4.288422
0.225895 4.282334
0.227273 4.277079
0.228650 4.272667
0.230027 4.269106
0.231405 4.266402
0.232782 4.264562
0.234160 4.263588
0.235537 4.263482
0.236915 4.264245
0.238292 4.265877
0.239669 4.268374
0.241047 4.271734
0.242424 4.275950
0.243802 4.281017
0.245179 4.286926
0.246557 4.293669
0.247934 4.301234
0.249311 4.309611
0.250689 4.318786
0.252066 4.328745
0.253443 4.339475
0.254821 4.350958
0.256198 4.363178
0.257576 4.376117
0.258953 4.389758
0.260331 4.404080
0.261708 4.419065
0.263085 4.434691
0.264463 4.450939
0.265840 4.467787
0.267218 4.485212
0.268595 4.503194
0.269973 4.521710
0.271350 4.540738
0.272727 4.560254
0.274105 4.580237
0.275482 4.600664

0.275482 4.600664
0.276859 4.600684
0.278237 4.600744
0.279614 4.600845
0.280992 4.600986
0.282369 4.601166
0.283747 4.601387
0.285124 4.601647
0.286501 4.601946
0.287879 4.602285
0.289256 4.602662
0.290634 4.603077
0.292011 4.603530
0.293388 4.604020
0.294766 4.604548
0.296143 4.605111
0.297521 4.605711
0.298898 4.606346
0.300275 4.607015
0.301653 4.607718
0.303030 4.608454
0.304408 4.609223
0.305785 4.610023
0.307163 4.610855
0.308540 4.611716
0.309917 4.612606
0.311295 4.613525
0.312672 4.614470
0.314050 4.615443
0.315427 4.616440
0.316804 4.617462
0.318182 4.618508
0.319559 4.619575
0.320937 4.620664
0.322314 4.621773
0.323692 4.622901
0.325069 4.624048
0.326446 4.625210
0.327824 4.626389
0.329201 4.627582
0.330578 4.628788
0.331956 4.630006
0.333333 4.631235
0.334711 4.632474
0.336088 4.633721
0.337466 4.634975
0.338843 4.636235
0.340220 4.637500
0.341598 4.638768
0.342975 4.640039
0.344353 4.641310
0.345730 4.642581
0.347107 4.643851
0.348485 4.645117
0.349862 4.646379
0.351240 4.647637
0.352617 4.648887
0.353994 4.650130
0.355372 4.651363
0.356749 4.652587
0.358127 4.653799
0.359504 4.654998
0.360882 4.656184
0.362259 4.657354
0.363636 4.658509
0.365014 4.659646
0.366391 4.660765
0.367769 4.661865
0.369146 4.662944
0.370523 4.664001
0.371901 4.665036
0.373278 4.666048
0.374656 4.667034
0.376033 4.667996
0.377410 4.668930
0.378788 4.669838
0.380165 4.670717
0.381543 4.671567
0.382920 4.672388
0.384298 4.673177
0.385675 4.673935
0.387052 4.674661
0.388430 4.675354
0.389807 4.676013
0.391185 4.676638
0.392562 4.677229
0.393939 4.677784
0.395317 4.678303
0.396694 4.678785
0.398072 4.679231
0.399449 4.679640
0.400826 4.680010
0.402204 4.680343
0.403581 4.680637
0.404959 4.680893
0.406336 4.681110
0.407714 4.681287
0.409091 4.681426
0.410468 4.681524
0.411846 4.681584
0.413223 4.681604

0.413223 4.681604
0.415609 4.680910
0.417995 4.678829
0.420380 4.675367
0.422766 4.670529
0.425152 4.664327
0.427538 4.656772
0.429923 4.647879
0.432309 4.637666
0.434695 4.626152
0.437081 4.613359
0.439466 4.599311
0.441852 4.584031
0.444238 4.567547
0.446624 4.549884
0.449009 4.531072
0.451395 4.511137
0.453781 4.490108
0.456166 4.468014
0.458552 4.444882
0.460938 4.420738
0.463324 4.395610
0.465709 4.369521
0.468095 4.342495
0.470481 4.314554
0.472867 4.285717
0.475253 4.256002
0.477638 4.225424
0.480024 4.193998
0.482410 4.161734
0.484795 4.128640
0.487181 4.094724
0.489567 4.059988
0.491953 4.024435
0.494339 3.988064
0.496724 3.950873
0.499110 3.912857
0.501496 3.874010
0.503881 3.834324
0.506267 3.793791
0.508653 3.752401
0.511039 3.710142
0.513424 3.667005
0.515810 3.622977
0.518196 3.578047
0.520582 3.532204
0.522967 3.485438
0.525353 3.437741
0.527739 3.389103
0.530125 3.339518
0.532510 3.288981
0.534896 3.237490
0.537282 3.185043
0.539668 3.131642
0.542053 3.077292
0.544439 3.021998
0.546825 2.965769
0.549211 2.908618
0.551596 2.850560
0.553982 2.791611
0.556368 2.731792
0.558754 2.671126
0.561139 2.609639
0.563525 2.547358
0.565911 2.484314
0.568297 2.420538
0.570682 2.356067
0.573068 2.290936
0.575454 2.225182
0.577839 2.158845
0.580225 2.091965
0.582611 2.024583
0.584997 1.956741
0.587383 1.888479
0.589768 1.819838
0.592154 1.750861
0.594540 1.681587
0.596925 1.612055
0.599311 1.542303
0.601697 1.472368
0.604083 1.402283
0.606468 1.332081
0.608854 1.261793
0.611240 1.191446
0.613626 1.121064
0.616012 1.050672
0.618397 0.980287
0.620783 0.909926
0.623169 0.839604
0.625554 0.769330
0.627940 0.699113
0.630326 0.628958
0.632712 0.558867
0.635097 0.488840
0.637483 0.418875
0.639869 0.348966
0.642255 0.279108
0.644640 0.209292
0.647026 0.139509
0.649412 0.069749
0.651798 -0.000000


0.000000 -0.000000
0.001377 0.083049
0.002755 0.166092
0.004132 0.249124
0.005510 0.332139
0.006887 0.415132
0.008264 0.498097
0.009642 0.581029
0.011019 0.663921
0.012397 0.746768
0.013774 0.829564
0.015152 0.912303
0.016529 0.994980
0.017906 1.077588
0.019284 1.160122
0.020661 1.242575
0.022039 1.324941
0.023416 1.407213
0.024793 1.489386
0.026171 1.571453
0.027548 1.653406
0.028926 1.735241
0.030303 1.816949
0.031680 1.898524
0.033058 1.979958
0.034435 2.061245
0.035813 2.142378
0.037190 2.223348
0.038567 2.304149
0.039945 2.384772
0.041322 2.465210
0.042700 2.545455
0.044077 2.625499
0.045455 2.705333
0.046832 2.784950
0.048209 2.864341
0.049587 2.943497
0.050964 3.022409
0.052342 3.101070
0.053719 3.179469
0.055096 3.257597
0.056474 3.335446
0.057851 3.413006
0.059229 3.490267
0.060606 3.567220
0.061983 3.643855
0.063361 3.720162
0.064738 3.796132
0.066116 3.871754
0.067493 3.947018
0.068871 4.021914
0.070248 4.096431
0.071625 4.170560
0.073003 4.244289
0.074380 4.317608
0.075758 4.390507
0.077135 4.462974
0.078512 4.534999
0.079890 4.606571
0.081267 4.677680
0.082645 4.748314
0.084022 4.818463
0.085399 4.888115
0.086777 4.957261
0.088154 5.025888
0.089532 5.093986
0.090909 5.161544
0.092286 5.228551
0.093664 5.294997
0.095041 5.360871
0.096419 5.426161
0.097796 5.490858
0.099174 5.554951
0.100551 5.618429
0.101928 5.681281
0.103306 5.743499
0.104683 5.798050
0.106061 5.777996
0.107438 5.757559
0.108815 5.736735
0.110193 5.715520
0.111570 5.693911
0.112948 5.671902
0.114325 5.649491
0.115702 5.626673
0.117080 5.603444
0.118457 5.579800
0.119835 5.555738
0.121212 5.531254
0.122590 5.506343
0.123967 5.481003
0.125344 5.455229
0.126722 5.429018
0.128099 5.402366
0.129477 5.375270
0.130854 5.347727
0.132231 5.319733
0.133609 5.291284
0.134986 5.262378
0.136364 5.233012
0.137741 5.203182

0.137741 5.203182
0.139119 5.203450
0.140496 5.204253
0.141873 5.205590
0.143251 5.207461
0.144628 5.209863
0.146006 5.212797
0.147383 5.216259
0.148760 5.220246
0.150138 5.224757
0.151515 5.229788
0.152893 5.235335
0.154270 5.241394
0.155647 5.247962
0.157025 5.255033
0.158402 5.262603
0.159780 5.270667
0.161157 5.279218
0.162534 5.288251
0.163912 5.297760
0.165289 5.307739
0.166667 5.318180
0.168044 5.329077
0.169422 5.340422
0.170799 5.352208
0.172176 5.364427
0.173554 5.377071
0.174931 5.390132
0.176309 5.403602
0.177686 5.417471
0.179063 5.431732
0.180441 5.446374
0.181818 5.461390
0.183196 5.476769
0.184573 5.492502
0.185950 5.508580
0.187328 5.524992
0.188705 5.541730
0.190083 5.558783
0.191460 5.576141
0.192837 5.593794
0.194215 5.611732
0.195592 5.629945
0.196970 5.648422
0.198347 5.667153
0.199724 5.686127
0.201102 5.705335
0.202479 5.724766
0.203857 5.744409
0.205234 5.764254
0.206612 5.764756
0.207989 5.744553
0.209366 5.724068
0.210744 5.703308
0.212121 5.682280
0.213499 5.660989
0.214876 5.639443
0.216253 5.617650
0.217631 5.595616
0.219008 5.573350
0.220386 5.550858
0.221763 5.528150
0.223140 5.505234
0.224518 5.482118
0.225895 5.458812
0.227273 5.435324
0.228650 5.411666
0.230027 5.387845
0.231405 5.363874
0.232782 5.339762
0.234160 5.315522
0.235537 5.291163
0.236915 5.266699
0.238292 5.242141
0.239669 5.217503
0.241047 5.192797
0.242424 5.168037
0.243802 5.143236
0.245179 5.118411
0.246557 5.093575
0.247934 5.068743
0.249311 5.043932
0.250689 5.019158
0.252066 4.994438
0.253443 4.969788
0.254821 4.945227
0.256198 4.920772
0.257576 4.896442
0.258953 4.872256
0.260331 4.848233
0.261708 4.824394
0.263085 4.800757
0.264463 4.777345
0.265840 4.754177
0.267218 4.731274
0.268595 4.708659
0.269973 4.686353
0.271350 4.664379
0.272727 4.642757
0.274105 4.621511
0.275482 4.600664

0.275482 4.600664
0.276859 4.600684
0.278237 4.600744
0.279614 4.600845
0.280992 4.600986
0.282369 4.601166
0.283747 4.601387
0.285124 4.601647
0.286501 4.601946
0.287879 4.602285
0.289256 4.602662
0.290634 4.603077
0.292011 4.603530
0.293388 4.604020
0.294766 4.604548
0.296143 4.605111
0.297521 4.605711
0.298898 4.606346
0.300275 4.607015
0.301653 4.607718
0.303030 4.608454
0.304408 4.609223
0.305785 4.610023
0.307163 4.610855
0.308540 4.611716
0.309917 4.612606
0.311295 4.613525
0.312672 4.614470
0.314050 4.615443
0.315427 4.616440
0.316804 4.617462
0.318182 4.618508
0.319559 4.619575
0.320937 4.620664
0.322314 4.621773
0.323692 4.622901
0.325069 4.624048
0.326446 4.625210
0.327824 4.626389
0.329201 4.627582
0.330578 4.628788
0.331956 4.630006
0.333333 4.631235
0.334711 4.632474
0.336088 4.633721
0.337466 4.634975
0.338843 4.636235
0.340220 4.637500
0.341598 4.638768
0.342975 4.640039
0.344353 4.641310
0.345730 4.642581
0.347107 4.643851
0.348485 4.645117
0.349862 4.646379
0.351240 4.647637
0.352617 4.648887
0.353994 4.650130
0.355372 4.651363
0.356749 4.652587
0.358127 4.653799
0.359504 4.654998
0.360882 4.656184
0.362259 4.657354
0.363636 4.658509
0.365014 4.659646
0.366391 4.660765
0.367769 4.661865
0.369146 4.662944
0.370523 4.664001
0.371901 4.665036
0.373278 4.666048
0.374656 4.667034
0.376033 4.667996
0.377410 4.668930
0.378788 4.669838
0.380165 4.670717
0.381543 4.671567
0.382920 4.672388
0.384298 4.673177
0.385675 4.673935
0.387052 4.674661
0.388430 4.675354
0.389807 4.676013
0.391185 4.676638
0.392562 4.677229
0.393939 4.677784
0.395317 4.678303
0.396694 4.678785
0.398072 4.679231
0.399449 4.679640
0.400826 4.680010
0.402204 4.680343
0.403581 4.680637
0.404959 4.680893
0.406336 4.681110
0.407714 4.681287
0.409091 4.681426
0.410468 4.681524
0.411846 4.681584
0.413223 4.681604

0.413223 4.681604
0.415609 4.682158
0.417995 4.683822
0.420380 4.686589
0.422766 4.690456
0.425152 4.695412
0.427538 4.701447
0.429923 4.708548
0.432309 4.716699
0.434695 4.725883
0.437081 4.736081
0.439466 4.747271
0.441852 4.759430
0.444238 4.772534
0.446624 4.786556
0.449009 4.801470
0.451395 4.817245
0.453781 4.833854
0.456166 4.851266
0.458552 4.869449
0.460938 4.888371
0.463324 4.908002
0.465709 4.928307
0.468095 4.949255
0.470481 4.970813
0.472867 4.992948
0.475253 5.015627
0.477638 5.038818
0.480024 5.062489
0.482410 5.086609
0.484795 5.111145
0.487181 5.136067
0.489567 5.161345
0.491953 5.186949
0.494339 5.212848
0.496724 5.239016
0.499110 5.265423
0.501496 5.292042
0.503881 5.318846
0.506267 5.345809
0.508653 5.372904
0.511039 5.400106
0.513424 5.427391
0.515810 5.454734
0.518196 5.482111
0.520582 5.509498
0.522967 5.536874
0.525353 5.564214
0.527739 5.591497
0.530125 5.618701
0.532510 5.645803
0.534896 5.672783
0.537282 5.699620
0.539668 5.726292
0.542053 5.752778
0.544439 5.779059
0.546825 5.805114
0.549211 5.830923
0.551596 5.856466
0.553982 5.881723
0.556368 5.906674
0.558754 5.931301
0.561139 5.955584
0.563525 5.954611
0.565911 5.847789
0.568297 5.737177
0.570682 5.622792
0.573068 5.504657
0.575454 5.382801
0.577839 5.257261
0.580225 5.128080
0.582611 4.995309
0.584997 4.859004
0.587383 4.719226
0.589768 4.576045
0.592154 4.429534
0.594540 4.279775
0.596925 4.126853
0.599311 3.970860
0.601697 3.811890
0.604083 3.650047
0.606468 3.485435
0.608854 3.318166
0.611240 3.148354
0.613626 2.976118
0.616012 2.801582
0.618397 2.624870
0.620783 2.446114
0.623169 2.265446
0.625554 2.083001
0.627940 1.898919
0.630326 1.713341
0.632712 1.526410
0.635097 1.338271
0.637483 1.149071
0.639869 0.958959
0.642255 0.768084
0.644640 0.576599
0.647026 0.384655
0.649412 0.192404
0.651798 0.000000


0.000000 6.465414
0.001377 6.465314
0.002755 6.465013
0.004132 6.464510
0.005510 6.463807
0.006887 6.462902
0.008264 6.461796
0.009642 6.460488
0.011019 6.458977
0.012397 6.457264
0.013774 6.455347
0.015152 6.453227
0.016529 6.450902
0.017906 6.448371
0.019284 6.445635
0.020661 6.442692
0.022039 6.439542
0.023416 6.436182
0.024793 6.432613
0.026171 6.428834
0.027548 6.424842
0.028926 6.420638
0.030303 6.416219
0.031680 6.411585
0.033058 6.406733
0.034435 6.401663
0.035813 6.396373
0.037190 6.390861
0.038567 6.385126
0.039945 6.379166
0.041322 6.372979
0.042700 6.366563
0.044077 6.359917
0.045455 6.353037
0.046832 6.345923
0.048209 6.338573
0.049587 6.330983
0.050964 6.323151
0.052342 6.315076
0.053719 6.306755
0.055096 6.298185
0.056474 6.289364
0.057851 6.280289
0.059229 6.270958
0.060606 6.261367
0.061983 6.251515
0.063361 6.241397
0.064738 6.231011
0.066116 6.220355
0.067493 6.209425
0.068871 6.198217
0.070248 6.186729
0.071625 6.174958
0.073003 6.162900
0.074380 6.150551
0.075758 6.137909
0.077135 6.124970
0.078512 6.111730
0.079890 6.098186
0.081267 6.084334
0.082645 6.070171
0.084022 6.055692
0.085399 6.040895
0.086777 6.025774
0.088154 6.010327
0.089532 5.994550
0.090909 5.978438
0.092286 5.961987
0.093664 5.945195
0.095041 5.928056
0.096419 5.910567
0.097796 5.892724
0.099174 5.874522
0.100551 5.855958
0.101928 5.837027
0.103306 5.817726
0.104683 5.798050
0.106061 5.777996
0.107438 5.757559
0.108815 5.736735
0.110193 5.715520
0.111570 5.693911
0.112948 5.671902
0.114325 5.649491
0.115702 5.626673
0.117080 5.603444
0.118457 5.579800
0.119835 5.555738
0.121212 5.531254
0.122590 5.506343
0.123967 5.481003
0.125344 5.455229
0.126722 5.429018
0.128099 5.402366
0.129477 5.375270
0.130854 5.347727
0.132231 5.319733
0.133609 5.291284
0.134986 5.262378
0.136364 5.233012
0.137741 5.203182

0.137741 5.203182
0.139119 5.203450
0.140496 5.204253
0.141873 5.205590
0.143251 5.207461
0.144628 5.209863
0.146006 5.212797
0.147383 5.216259
0.148760 5.220246
0.150138 5.224757
0.151515 5.229788
0.152893 5.235335
0.154270 5.241394
0.155647 5.247962
0.157025 5.255033
0.158402 5.262603
0.159780 5.270667
0.161157 5.279218
0.162534 5.288251
0.163912 5.297760
0.165289 5.307739
0.166667 5.318180
0.168044 5.329077
0.169422 5.340422
0.170799 5.352208
0.172176 5.364427
0.173554 5.377071
0.174931 5.390132
0.176309 5.403602
0.177686 5.417471
0.179063 5.431732
0.180441 5.446374
0.181818 5.461390
0.183196 5.476769
0.184573 5.492502
0.185950 5.508580
0.187328 5.524992
0.188705 5.541730
0.190083 5.558783
0.191460 5.576141
0.192837 5.593794
0.194215 5.611732
0.195592 5.629945
0.196970 5.648422
0.198347 5.667153
0.199724 5.686127
0.201102 5.705335
0.202479 5.724766
0.203857 5.744409
0.205234 5.764254
0.206612 5.764756
0.207989 5.744553
0.209366 5.724068
0.210744 5.703308
0.212121 5.682280
0.213499 5.660989
0.214876 5.639443
0.216253 5.617650
0.217631 5.595616
0.219008 5.573350
0.220386 5.550858
0.221763 5.528150
0.223140 5.505234
0.224518 5.482118
0.225895 5.458812
0.227273 5.435324
0.228650 5.411666
0.230027 5.387845
0.231405 5.363874
0.232782 5.339762
0.234160 5.315522
0.235537 5.291163
0.236915 5.266699
0.238292 5.242141
0.239669 5.217503
0.241047 5.192797
0.242424 5.168037
0.243802 5.143236
0.245179 5.118411
0.246557 5.093575
0.247934 5.068743
0.249311 5.043932
0.250689 5.019158
0.252066 4.994438
0.253443 4.969788
0.254821 4.945227
0.256198 4.920772
0.257576 4.896442
0.258953 4.872256
0.260331 4.848233
0.261708 4.824394
0.263085 4.800757
0.264463 4.777345
0.265840 4.754177
0.267218 4.731274
0.268595 4.708659
0.269973 4.686353
0.271350 4.664379
0.272727 4.642757
0.274105 4.621511
0.275482 4.600664

0.275482 4.600664
0.276859 4.600684
0.278237 4.600744
0.279614 4.600845
0.280992 4.600986
0.282369 4.601166
0.283747 4.601387
0.285124 4.601647
0.286501 4.601946
0.287879 4.602285
0.289256 4.602662
0.290634 4.603077
0.292011 4.603530
0.293388 4.604020
0.294766 4.604548
0.296143 4.605111
0.297521 4.605711
0.298898 4.606346
0.300275 4.607015
0.301653 4.607718
0.303030 4.608454
0.304408 4.609223
0.305785 4.610023
0.307163 4.610855
0.308540 4.611716
0.309917 4.612606
0.311295 4.613525
0.312672 4.614470
0.314050 4.615443
0.315427 4.616440
0.316804 4.617462
0.318182 4.618508
0.319559 4.619575
0.320937 4.620664
0.322314 4.621773
0.323692 4.622901
0.325069 4.624048
0.326446 4.625210
0.327824 4.626389
0.329201 4.627582
0.330578 4.628788
0.331956 4.630006
0.333333 4.631235
0.334711 4.632474
0.336088 4.633721
0.337466 4.634975
0.338843 4.636235
0.340220 4.637500
0.341598 4.638768
0.342975 4.640039
0.344353 4.641310
0.345730 4.642581
0.347107 4.643851
0.348485 4.645117
0.349862 4.646379
0.351240 4.647637
0.352617 4.648887
0.353994 4.650130
0.355372 4.651363
0.356749 4.652587
0.358127 4.653799
0.359504 4.654998
0.360882 4.656184
0.362259 4.657354
0.363636 4.658509
0.365014 4.659646
0.366391 4.660765
0.367769 4.661865
0.369146 4.662944
0.370523 4.664001
0.371901 4.665036
0.373278 4.666048
0.374656 4.667034
0.376033 4.667996
0.377410 4.668930
0.378788 4.669838
0.380165 4.670717
0.381543 4.671567
0.382920 4.672388
0.384298 4.673177
0.385675 4.673935
0.387052 4.674661
0.388430 4.675354
0.389807 4.676013
0.391185 4.676638
0.392562 4.677229
0.393939 4.677784
0.395317 4.678303
0.396694 4.678785
0.398072 4.679231
0.399449 4.679640
0.400826 4.680010
0.402204 4.680343
0.403581 4.680637
0.404959 4.680893
0.406336 4.681110
0.407714 4.681287
0.409091 4.681426
0.410468 4.681524
0.411846 4.681584
0.413223 4.681604

0.413223 4.681604
0.415609 4.682158
0.417995 4.683822
0.420380 4.686589
0.422766 4.690456
0.425152 4.695412
0.427538 4.701447
0.429923 4.708548
0.432309 4.716699
0.434695 4.725883
0.437081 4.736081
0.439466 4.747271
0.441852 4.759430
0.444238 4.772534
0.446624 4.786556
0.449009 4.801470
0.451395 4.817245
0.453781 4.833854
0.456166 4.851266
0.458552 4.869449
0.460938 4.888371
0.463324 4.908002
0.465709 4.928307
0.468095 4.949255
0.470481 4.970813
0.472867 4.992948
0.475253 5.015627
0.477638 5.038818
0.480024 5.062489
0.482410 5.086609
0.484795 5.111145
0.487181 5.136067
0.489567 5.161345
0.491953 5.186949
0.494339 5.212848
0.496724 5.239016
0.499110 5.265423
0.501496 5.292042
0.503881 5.318846
0.506267 5.345809
0.508653 5.372904
0.511039 5.400106
0.513424 5.427391
0.515810 5.454734
0.518196 5.482111
0.520582 5.509498
0.522967 5.536874
0.525353 5.564214
0.527739 5.591497
0.530125 5.618701
0.532510 5.645803
0.534896 5.672783
0.537282 5.699620
0.539668 5.726292
0.542053 5.752778
0.544439 5.779059
0.546825 5.805114
0.549211 5.830923
0.551596 5.856466
0.553982 5.881723
0.556368 5.906674
0.558754 5.931301
0.561139 5.955584
0.563525 5.979503
0.565911 6.003041
0.568297 6.026178
0.570682 6.048897
0.573068 6.071178
0.575454 6.093005
0.577839 6.114359
0.580225 6.135224
0.582611 6.155582
0.584997 6.175417
0.587383 6.194712
0.589768 6.213453
0.592154 6.231622
0.594540 6.249205
0.596925 6.266188
0.599311 6.282557
0.601697 6.298297
0.604083 6.313396
0.606468 6.327840
0.608854 6.341619
0.611240 6.354720
0.613626 6.367132
0.616012 6.378846
0.618397 6.389850
0.620783 6.400136
0.623169 6.409695
0.625554 6.418519
0.627940 6.426601
0.630326 6.433934
0.632712 6.440511
0.635097 6.446328
0.637483 6.451379
0.639869 6.455660
0.642255 6.459168
0.644640 6.461899
0.647026 6.463851
0.649412 6.465024
0.651798 6.465414


0.000000 6.465414
0.001377 6.465314
0.002755 6.465013
0.004132 6.464510
0.005510 6.463807
0.006887 6.462902
0.008264 6.461796
0.009642 6.460488
0.011019 6.458977
0.012397 6.457264
0.013774 6.455347
0.015152 6.453227
0.016529 6.450902
0.017906 6.448371
0.019284 6.445635
0.020661 6.442692
0.022039 6.439542
0.023416 6.436182
0.024793 6.432613
0.026171 6.428834
0.027548 6.424842
0.028926 6.420638
0.030303 6.416219
0.031680 6.411585
0.033058 6.406733
0.034435 6.401663
0.035813 6.396373
0.037190 6.390861
0.038567 6.385126
0.039945 6.379166
0.041322 6.372979
0.042700 6.366563
0.044077 6.359917
0.045455 6.353037
0.046832 6.345923
0.048209 6.338573
0.049587 6.330983
0.050964 6.323151
0.052342 6.315076
0.053719 6.306755
0.055096 6.298185
0.056474 6.289364
0.057851 6.280289
0.059229 6.270958
0.060606 6.261367
0.061983 6.251515
0.063361 6.241397
0.064738 6.231011
0.066116 6.220355
0.067493 6.209425
0.068871 6.198217
0.070248 6.186729
0.071625 6.174958
0.073003 6.162900
0.074380 6.150551
0.075758 6.137909
0.077135 6.124970
0.078512 6.111730
0.079890 6.098186
0.081267 6.084334
0.082645 6.070171
0.084022 6.055692
0.085399 6.040895
0.086777 6.025774
0.088154 6.010327
0.089532 5.994550
0.090909 5.978438
0.092286 5.961987
0.093664 5.945195
0.095041 5.928056
0.096419 5.910567
0.097796 5.892724
0.099174 5.874522
0.100551 5.855958
0.101928 5.837027
0.103306 5.817726
0.104683 5.805070
0.106061 5.865986
0.107438 5.926237
0.108815 5.985812
0.110193 6.044703
0.111570 6.102898
0.112948 6.160391
0.114325 6.217170
0.115702 6.273228
0.117080 6.314624
0.118457 6.313509
0.119835 6.312465
0.121212 6.311495
0.122590 6.310598
0.123967 6.309776
0.125344 6.309030
0.126722 6.308361
0.128099 6.307768
0.129477 6.307254
0.130854 6.306817
0.132231 6.306460
0.133609 6.306181
0.134986 6.305982
0.136364 6.305863
0.137741 6.305823

0.137741 6.305823
0.139119 6.305587
0.140496 6.304882
0.141873 6.303706
0.143251 6.302060
0.144628 6.299946
0.146006 6.297363
0.147383 6.294315
0.148760 6.290801
0.150138 6.286824
0.151515 6.282385
0.152893 6.277487
0.154270 6.272132
0.155647 6.266322
0.157025 6.260059
0.158402 6.253348
0.159780 6.246190
0.161157 6.238588
0.162534 6.230546
0.163912 6.222068
0.165289 6.213156
0.166667 6.203814
0.168044 6.194046
0.169422 6.183855
0.170799 6.173246
0.172176 6.162222
0.173554 6.150788
0.174931 6.138947
0.176309 6.126704
0.177686 6.114063
0.179063 6.101028
0.180441 6.087603
0.181818 6.073793
0.183196 6.059603
0.184573 6.045037
0.185950 6.030099
0.187328 6.014794
0.188705 5.999127
0.190083 5.983102
0.191460 5.966725
0.192837 5.950000
0.194215 5.932932
0.195592 5.915526
0.196970 5.897788
0.198347 5.879722
0.199724 5.861335
0.201102 5.842630
0.202479 5.823614
0.203857 5.804293
0.205234 5.784671
0.206612 5.784291
0.207989 5.804509
0.209366 5.824898
0.210744 5.845447
0.212121 5.866147
0.213499 5.886986
0.214876 5.907955
0.216253 5.929043
0.217631 5.950241
0.219008 5.971537
0.220386 5.992923
0.221763 6.014389
0.223140 6.035924
0.224518 6.057519
0.225895 6.079164
0.227273 6.100849
0.228650 6.122566
0.230027 6.144305
0.231405 6.166056
0.232782 6.187811
0.234160 6.209561
0.235537 6.231296
0.236915 6.253008
0.238292 6.274689
0.239669 6.296329
0.241047 6.317921
0.242424 6.339456
0.243802 6.360927
0.245179 6.382325
0.246557 6.403642
0.247934 6.424872
0.249311 6.446006
0.250689 6.467037
0.252066 6.487959
0.253443 6.508763
0.254821 6.529444
0.256198 6.549995
0.257576 6.570408
0.258953 6.590679
0.260331 6.610800
0.261708 6.630766
0.263085 6.650571
0.264463 6.670209
0.265840 6.689675
0.267218 6.708964
0.268595 6.728069
0.269973 6.746988
0.271350 6.765714
0.272727 6.784243
0.274105 6.802571
0.275482 6.820694

0.275482 6.820694
0.276859 6.819835
0.278237 6.817268
0.279614 6.813017
0.280992 6.807123
0.282369 6.799639
0.283747 6.790628
0.285124 6.780159
0.286501 6.768309
0.287879 6.755153
0.289256 6.740768
0.290634 6.725228
0.292011 6.708605
0.293388 6.690967
0.294766 6.672377
0.296143 6.652895
0.297521 6.632576
0.298898 6.611471
0.300275 6.589627
0.301653 6.567087
0.303030 6.543891
0.304408 6.520077
0.305785 6.495679
0.307163 6.470730
0.308540 6.445259
0.309917 6.419295
0.311295 6.392864
0.312672 6.365994
0.314050 6.338707
0.315427 6.311027
0.316804 6.282978
0.318182 6.254580
0.319559 6.225855
0.320937 6.196824
0.322314 6.167509
0.323692 6.137928
0.325069 6.108102
0.326446 6.078051
0.327824 6.047794
0.329201 6.017353
0.330578 5.986746
0.331956 5.955993
0.333333 5.925114
0.334711 5.894130
0.336088 5.863060
0.337466 5.831925
0.338843 5.800746
0.340220 5.769544
0.341598 5.738338
0.342975 5.707152
0.344353 5.676006
0.345730 5.644921
0.347107 5.613921
0.348485 5.583026
0.349862 5.552261
0.351240 5.521647
0.352617 5.491207
0.353994 5.460965
0.355372 5.430944
0.356749 5.401169
0.358127 5.371662
0.359504 5.342448
0.360882 5.313551
0.362259 5.284996
0.363636 5.256808
0.365014 5.229010
0.366391 5.201628
0.367769 5.174687
0.369146 5.148212
0.370523 5.122227
0.371901 5.096757
0.373278 5.071828
0.374656 5.047463
0.376033 5.023688
0.377410 5.000526
0.378788 4.978003
0.380165 4.956140
0.381543 4.934963
0.382920 4.914494
0.384298 4.894755
0.385675 4.875769
0.387052 4.857558
0.388430 4.840142
0.389807 4.823542
0.391185 4.807777
0.392562 4.792866
0.393939 4.778828
0.395317 4.765679
0.396694 4.753435
0.398072 4.742113
0.399449 4.731725
0.400826 4.722286
0.402204 4.713808
0.403581 4.706300
0.404959 4.699774
0.406336 4.694237
0.407714 4.689697
0.409091 4.686160
0.410468 4.683630
0.411846 4.682110
0.413223 4.681604

0.413223 4.681604
0.415609 4.682158
0.417995 4.683822
0.420380 4.686589
0.422766 4.690456
0.425152 4.695412
0.427538 4.701447
0.429923 4.708548
0.432309 4.716699
0.434695 4.725883
0.437081 4.736081
0.439466 4.747271
0.441852 4.759430
0.444238 4.772534
0.446624 4.786556
0.449009 4.801470
0.451395 4.817245
0.453781 4.833854
0.456166 4.851266
0.458552 4.869449
0.460938 4.888371
0.463324 4.908002
0.465709 4.928307
0.468095 4.949255
0.470481 4.970813
0.472867 4.992948
0.475253 5.015627
0.477638 5.038818
0.480024 5.062489
0.482410 5.086609
0.484795 5.111145
0.487181 5.136067
0.489567 5.161345
0.491953 5.186949
0.494339 5.212848
0.496724 5.239016
0.499110 5.265423
0.501496 5.292042
0.503881 5.318846
0.506267 5.345809
0.508653 5.372904
0.511039 5.400106
0.513424 5.427391
0.515810 5.454734
0.518196 5.482111
0.520582 5.509498
0.522967 5.536874
0.525353 5.564214
0.527739 5.591497
0.530125 5.618701
0.532510 5.645803
0.534896 5.672783
0.537282 5.699620
0.539668 5.726292
0.542053 5.752778
0.544439 5.779059
0.546825 5.805114
0.549211 5.830923
0.551596 5.856466
0.553982 5.881723
0.556368 5.906674
0.558754 5.931301
0.561139 5.955584
0.563525 5.979503
0.565911 6.003041
0.568297 6.026178
0.570682 6.048897
0.573068 6.071178
0.575454 6.093005
0.577839 6.114359
0.580225 6.135224
0.582611 6.155582
0.584997 6.175417
0.587383 6.194712
0.589768 6.213453
0.592154 6.231622
0.594540 6.249205
0.596925 6.266188
0.599311 6.282557
0.601697 6.298297
0.604083 6.313396
0.606468 6.327840
0.608854 6.341619
0.611240 6.354720
0.613626 6.367132
0.616012 6.378846
0.618397 6.389850
0.620783 6.400136
0.623169 6.409695
0.625554 6.418519
0.627940 6.426601
0.630326 6.433934
0.632712 6.440511
0.635097 6.446328
0.637483 6.451379
0.639869 6.455660
0.642255 6.459168
0.644640 6.461899
0.647026 6.463851
0.649412 6.465024
0.651798 6.465414


0.000000 6.465414
0.001377 6.465376
0.002755 6.465259
0.004132 6.465065
0.005510 6.464793
0.006887 6.464444
0.008264 6.464018
0.009642 6.463516
0.011019 6.462938
0.012397 6.462284
0.013774 6.461556
0.015152 6.460753
0.016529 6.459878
0.017906 6.458929
0.019284 6.457909
0.020661 6.456819
0.022039 6.455659
0.023416 6.454430
0.024793 6.453134
0.026171 6.451772
0.027548 6.450345
0.028926 6.448855
0.030303 6.447303
0.031680 6.445690
0.033058 6.444019
0.034435 6.442290
0.035813 6.440505
0.037190 6.438667
0.038567 6.436776
0.039945 6.434835
0.041322 6.432845
0.042700 6.430809
0.044077 6.428728
0.045455 6.426605
0.046832 6.424441
0.048209 6.422239
0.049587 6.420000
0.050964 6.417727
0.052342 6.415422
0.053719 6.413088
0.055096 6.410726
0.056474 6.408339
0.057851 6.405929
0.059229 6.403499
0.060606 6.401051
0.061983 6.398587
0.063361 6.396110
0.064738 6.393622
0.066116 6.391125
0.067493 6.388623
0.068871 6.386117
0.070248 6.383610
0.071625 6.381105
0.073003 6.378604
0.074380 6.376109
0.075758 6.373623
0.077135 6.371148
0.078512 6.368688
0.079890 6.366243
0.081267 6.363818
0.082645 6.361413
0.084022 6.359032
0.085399 6.356677
0.086777 6.354350
0.088154 6.352054
0.089532 6.349790
0.090909 6.347562
0.092286 6.345371
0.093664 6.343220
0.095041 6.341110
0.096419 6.339044
0.097796 6.337025
0.099174 6.335053
0.100551 6.333131
0.101928 6.331262
0.103306 6.329446
0.104683 6.327686
0.106061 6.325983
0.107438 6.324339
0.108815 6.322757
0.110193 6.321236
0.111570 6.319780
0.112948 6.318389
0.114325 6.317066
0.115702 6.315810
0.117080 6.314624
0.118457 6.313509
0.119835 6.312465
0.121212 6.311495
0.122590 6.310598
0.123967 6.309776
0.125344 6.309030
0.126722 6.308361
0.128099 6.307768
0.129477 6.307254
0.130854 6.306817
0.132231 6.306460
0.133609 6.306181
0.134986 6.305982
0.136364 6.305863
0.137741 6.305823

0.137741 6.305823
0.139119 6.305587
0.140496 6.304882
0.141873 6.303706
0.143251 6.302060
0.144628 6.299946
0.146006 6.297363
0.147383 6.294315
0.148760 6.290801
0.150138 6.286824
0.151515 6.282385
0.152893 6.277487
0.154270 6.272132
0.155647 6.266322
0.157025 6.260059
0.158402 6.253348
0.159780 6.246190
0.161157 6.238588
0.162534 6.230546
0.163912 6.222068
0.165289 6.213156
0.166667 6.203814
0.168044 6.194046
0.169422 6.183855
0.170799 6.173246
0.172176 6.162222
0.173554 6.150788
0.174931 6.138947
0.176309 6.126704
0.177686 6.114063
0.179063 6.101028
0.180441 6.087603
0.181818 6.073793
0.183196 6.059603
0.184573 6.045037
0.185950 6.030099
0.187328 6.014794
0.188705 5.999127
0.190083 5.983102
0.191460 5.966725
0.192837 5.950000
0.194215 5.932932
0.195592 5.915526
0.196970 5.897788
0.198347 5.879722
0.199724 5.861335
0.201102 5.842630
0.202479 5.823614
0.203857 5.804293
0.205234 5.784671
0.206612 5.784291
0.207989 5.804509
0.209366 5.824898
0.210744 5.845447
0.212121 5.866147
0.213499 5.886986
0.214876 5.907955
0.216253 5.929043
0.217631 5.950241
0.219008 5.971537
0.220386 5.992923
0.221763 6.014389
0.223140 6.035924
0.224518 6.057519
0.225895 6.079164
0.227273 6.100849
0.228650 6.122566
0.230027 6.144305
0.231405 6.166056
0.232782 6.187811
0.234160 6.209561
0.235537 6.231296
0.236915 6.253008
0.238292 6.274689
0.239669 6.296329
0.241047 6.317921
0.242424 6.339456
0.243802 6.360927
0.245179 6.382325
0.246557 6.403642
0.247934 6.424872
0.249311 6.446006
0.250689 6.467037
0.252066 6.487959
0.253443 6.508763
0.254821 6.529444
0.256198 6.549995
0.257576 6.570408
0.258953 6.590679
0.260331 6.610800
0.261708 6.630766
0.263085 6.650571
0.264463 6.670209
0.265840 6.689675
0.267218 6.708964
0.268595 6.728069
0.269973 6.746988
0.271350 6.765714
0.272727 6.784243
0.274105 6.802571
0.275482 6.820694

0.275482 6.820694
0.276859 6.819835
0.278237 6.817268
0.279614 6.813017
0.280992 6.807123
0.282369 6.799639
0.283747 6.790628
0.285124 6.780159
0.286501 6.768309
0.287879 6.755153
0.289256 6.740768
0.290634 6.725228
0.292011 6.708605
0.293388 6.690967
0.294766 6.672377
0.296143 6.652895
0.297521 6.632576
0.298898 6.611471
0.300275 6.589627
0.301653 6.567087
0.303030 6.543891
0.304408 6.520077
0.305785 6.495679
0.307163 6.470730
0.308540 6.445259
0.309917 6.419295
0.311295 6.392864
0.312672 6.365994
0.314050 6.338707
0.315427 6.311027
0.316804 6.282978
0.318182 6.254580
0.319559 6.225855
0.320937 6.196824
0.322314 6.167509
0.323692 6.137928
0.325069 6.108102
0.326446 6.078051
0.327824 6.047794
0.329201 6.017353
0.330578 5.986746
0.331956 5.955993
0.333333 5.925114
0.334711 5.894130
0.336088 5.863060
0.337466 5.831925
0.338843 5.800746
0.340220 5.769544
0.341598 5.738338
0.342975 5.707152
0.344353 5.676006
0.345730 5.644921
0.347107 5.613921
0.348485 5.583026
0.349862 5.552261
0.351240 5.521647
0.352617 5.491207
0.353994 5.460965
0.355372 5.430944
0.356749 5.401169
0.358127 5.371662
0.359504 5.342448
0.360882 5.313551
0.362259 5.284996
0.363636 5.256808
0.365014 5.229010
0.366391 5.201628
0.367769 5.174687
0.369146 5.148212
0.370523 5.122227
0.371901 5.096757
0.373278 5.071828
0.374656 5.047463
0.376033 5.023688
0.377410 5.000526
0.378788 4.978003
0.380165 4.956140
0.381543 4.934963
0.382920 4.914494
0.384298 4.894755
0.385675 4.875769
0.387052 4.857558
0.388430 4.840142
0.389807 4.823542
0.391185 4.807777
0.392562 4.792866
0.393939 4.778828
0.395317 4.765679
0.396694 4.753435
0.398072 4.742113
0.399449 4.731725
0.400826 4.722286
0.402204 4.713808
0.403581 4.706300
0.404959 4.699774
0.406336 4.694237
0.407714 4.689697
0.409091 4.686160
0.410468 4.683630
0.411846 4.682110
0.413223 4.681604

0.413223 4.681604
0.415609 4.683458
0.417995 4.689013
0.420380 4.698239
0.422766 4.711089
0.425152 4.727499
0.427538 4.747385
0.429923 4.770649
0.432309 4.797179
0.434695 4.826848
0.437081 4.859518
0.439466 4.895039
0.441852 4.933255
0.444238 4.974000
0.446624 5.017102
0.449009 5.062388
0.451395 5.109677
0.453781 5.158790
0.456166 5.209544
0.458552 5.261758
0.460938 5.315250
0.463324 5.369842
0.465709 5.425356
0.468095 5.481617
0.470481 5.538452
0.472867 5.595692
0.475253 5.653172
0.477638 5.710727
0.480024 5.768197
0.482410 5.825427
0.484795 5.882260
0.487181 5.938545
0.489567 5.994132
0.491953 6.048874
0.494339 6.102624
0.496724 6.155240
0.499110 6.206577
0.501496 6.256497
0.503881 6.304858
0.506267 6.351526
0.508653 6.396367
0.511039 6.439251
0.513424 6.480055
0.515810 6.518662
0.518196 6.554965
0.520582 6.588867
0.522967 6.620288
0.525353 6.649162
0.527739 6.675445
0.530125 6.699111
0.532510 6.720159
0.534896 6.738609
0.537282 6.754506
0.539668 6.767913
0.542053 6.746251
0.544439 6.673119
0.546825 6.596362
0.549211 6.515935
0.551596 6.431800
0.553982 6.343925
0.556368 6.252283
0.558754 6.156857
0.561139 6.057635
0.563525 5.979503
0.565911 6.003041
0.568297 6.026178
0.570682 6.048897
0.573068 6.071178
0.575454 6.093005
0.577839 6.114359
0.580225 6.135224
0.582611 6.155582
0.584997 6.175417
0.587383 6.194712
0.589768 6.213453
0.592154 6.231622
0.594540 6.249205
0.596925 6.266188
0.599311 6.282557
0.601697 6.298297
0.604083 6.313396
0.606468 6.327840
0.608854 6.341619
0.611240 6.354720
0.613626 6.367132
0.616012 6.378846
0.618397 6.389850
0.620783 6.400136
0.623169 6.409695
0.625554 6.418519
0.627940 6.426601
0.630326 6.433934
0.632712 6.440511
0.635097 6.446328
0.637483 6.451379
0.639869 6.455660
0.642255 6.459168
0.644640 6.461899
0.647026 6.463851
0.649412 6.465024
0.651798 6.465414


0.000000 6.465414
0.001377 6.465376
0.002755 6.465259
0.004132 6.465065
0.005510 6.464793
0.006887 6.464444
0.008264 6.464018
0.009642 6.463516
0.011019 6.462938
0.012397 6.462284
0.013774 6.461556
0.015152 6.460753
0.016529 6.459878
0.017906 6.458929
0.019284 6.457909
0.020661 6.456819
0.022039 6.455659
0.023416 6.454430
0.024793 6.453134
0.026171 6.451772
0.027548 6.450345
0.028926 6.448855
0.030303 6.447303
0.031680 6.445690
0.033058 6.444019
0.034435 6.442290
0.035813 6.440505
0.037190 6.438667
0.038567 6.436776
0.039945 6.434835
0.041322 6.432845
0.042700 6.430809
0.044077 6.428728
0.045455 6.426605
0.046832 6.424441
0.048209 6.422239
0.049587 6.420000
0.050964 6.417727
0.052342 6.415422
0.053719 6.413088
0.055096 6.410726
0.056474 6.408339
0.057851 6.405929
0.059229 6.403499
0.060606 6.401051
0.061983 6.398587
0.063361 6.396110
0.064738 6.393622
0.066116 6.391125
0.067493 6.388623
0.068871 6.386117
0.070248 6.383610
0.071625 6.381105
0.073003 6.378604
0.074380 6.376109
0.075758 6.373623
0.077135 6.371148
0.078512 6.368688
0.079890 6.366243
0.081267 6.363818
0.082645 6.361413
0.084022 6.359032
0.085399 6.356677
0.086777 6.354350
0.088154 6.352054
0.089532 6.349790
0.090909 6.347562
0.092286 6.345371
0.093664 6.343220
0.095041 6.341110
0.096419 6.339044
0.097796 6.337025
0.099174 6.335053
0.100551 6.333131
0.101928 6.331262
0.103306 6.329446
0.104683 6.327686
0.106061 6.325983
0.107438 6.324339
0.108815 6.322757
0.110193 6.321236
0.111570 6.319780
0.112948 6.318389
0.114325 6.317066
0.115702 6.315810
0.117080 6.328555
0.118457 6.383144
0.119835 6.436985
0.121212 6.490072
0.122590 6.542395
0.123967 6.593948
0.125344 6.644724
0.126722 6.694715
0.128099 6.743914
0.129477 6.792316
0.130854 6.839914
0.132231 6.886702
0.133609 6.932676
0.134986 6.977829
0.136364 7.022157
0.137741 7.065656

0.137741 7.065656
0.139119 7.065898
0.140496 7.066623
0.141873 7.067827
0.143251 7.069504
0.144628 7.071644
0.146006 7.074237
0.147383 7.077269
0.148760 7.080724
0.150138 7.084585
0.151515 7.088833
0.152893 7.093448
0.154270 7.098409
0.155647 7.103694
0.157025 7.109278
0.158402 7.115140
0.159780 7.121255
0.161157 7.127600
0.162534 7.134149
0.163912 7.140882
0.165289 7.147772
0.166667 7.154800
0.168044 7.161941
0.169422 7.169175
0.170799 7.176482
0.172176 7.183840
0.173554 7.191232
0.174931 7.198639
0.176309 7.206044
0.177686 7.213430
0.179063 7.220783
0.180441 7.228088
0.181818 7.235331
0.183196 7.242501
0.184573 7.249584
0.185950 7.256571
0.187328 7.263451
0.188705 7.270216
0.190083 7.276857
0.191460 7.283367
0.192837 7.289739
0.194215 7.295967
0.195592 7.302046
0.196970 7.307970
0.198347 7.313737
0.199724 7.319343
0.201102 7.324785
0.202479 7.330062
0.203857 7.335170
0.205234 7.340110
0.206612 7.344880
0.207989 7.349482
0.209366 7.353913
0.210744 7.358177
0.212121 7.362273
0.213499 7.366204
0.214876 7.369970
0.216253 7.373575
0.217631 7.367272
0.219008 7.359238
0.220386 7.350977
0.221763 7.342486
0.223140 7.333763
0.224518 7.324806
0.225895 7.315613
0.227273 7.306182
0.228650 7.296510
0.230027 7.286597
0.231405 7.276440
0.232782 7.266037
0.234160 7.255389
0.235537 7.244492
0.236915 7.233347
0.238292 7.221951
0.239669 7.210305
0.241047 7.198408
0.242424 7.186259
0.243802 7.173858
0.245179 7.161204
0.246557 7.148298
0.247934 7.135140
0.249311 7.121729
0.250689 7.108067
0.252066 7.094154
0.253443 7.079991
0.254821 7.065579
0.256198 7.050919
0.257576 7.036012
0.258953 7.020860
0.260331 7.005464
0.261708 6.989827
0.263085 6.973949
0.264463 6.957835
0.265840 6.941485
0.267218 6.924903
0.268595 6.908091
0.269973 6.891052
0.271350 6.873790
0.272727 6.856307
0.274105 6.838607
0.275482 6.820694

0.275482 6.820694
0.276859 6.819835
0.278237 6.817268
0.279614 6.813017
0.280992 6.807123
0.282369 6.799639
0.283747 6.790628
0.285124 6.780159
0.286501 6.768309
0.287879 6.755153
0.289256 6.740768
0.290634 6.725228
0.292011 6.708605
0.293388 6.690967
0.294766 6.672377
0.296143 6.652895
0.297521 6.632576
0.298898 6.611471
0.300275 6.589627
0.301653 6.567087
0.303030 6.543891
0.304408 6.520077
0.305785 6.495679
0.307163 6.470730
0.308540 6.445259
0.309917 6.419295
0.311295 6.392864
0.312672 6.365994
0.314050 6.338707
0.315427 6.311027
0.316804 6.282978
0.318182 6.254580
0.319559 6.225855
0.320937 6.196824
0.322314 6.167509
0.323692 6.137928
0.325069 6.108102
0.326446 6.078051
0.327824 6.047794
0.329201 6.017353
0.330578 5.986746
0.331956 5.955993
0.333333 5.925114
0.334711 5.894130
0.336088 5.863060
0.337466 5.831925
0.338843 5.800746
0.340220 5.769544
0.341598 5.738338
0.342975 5.707152
0.344353 5.676006
0.345730 5.644921
0.347107 5.613921
0.348485 5.583026
0.349862 5.552261
0.351240 5.521647
0.352617 5.491207
0.353994 5.460965
0.355372 5.430944
0.356749 5.401169
0.358127 5.371662
0.359504 5.342448
0.360882 5.313551
0.362259 5.284996
0.363636 5.256808
0.365014 5.229010
0.366391 5.201628
0.367769 5.174687
0.369146 5.148212
0.370523 5.122227
0.371901 5.096757
0.373278 5.071828
0.374656 5.047463
0.376033 5.023688
0.377410 5.000526
0.378788 4.978003
0.380165 4.956140
0.381543 4.934963
0.382920 4.914494
0.384298 4.894755
0.385675 4.875769
0.387052 4.857558
0.388430 4.840142
0.389807 4.823542
0.391185 4.807777
0.392562 4.792866
0.393939 4.778828
0.395317 4.765679
0.396694 4.753435
0.398072 4.742113
0.399449 4.731725
0.400826 4.722286
0.402204 4.713808
0.403581 4.706300
0.404959 4.699774
0.406336 4.694237
0.407714 4.689697
0.409091 4.686160
0.410468 4.683630
0.411846 4.682110
0.413223 4.681604

0.413223 4.681604
0.415609 4.683458
0.417995 4.689013
0.420380 4.698239
0.422766 4.711089
0.425152 4.727499
0.427538 4.747385
0.429923 4.770649
0.432309 4.797179
0.434695 4.826848
0.437081 4.859518
0.439466 4.895039
0.441852 4.933255
0.444238 4.974000
0.446624 5.017102
0.449009 5.062388
0.451395 5.109677
0.453781 5.158790
0.456166 5.209544
0.458552 5.261758
0.460938 5.315250
0.463324 5.369842
0.465709 5.425356
0.468095 5.481617
0.470481 5.538452
0.472867 5.595692
0.475253 5.653172
0.477638 5.710727
0.480024 5.768197
0.482410 5.825427
0.484795 5.882260
0.487181 5.938545
0.489567 5.994132
0.491953 6.048874
0.494339 6.102624
0.496724 6.155240
0.499110 6.206577
0.501496 6.256497
0.503881 6.304858
0.506267 6.351526
0.508653 6.396367
0.511039 6.439251
0.513424 6.480055
0.515810 6.518662
0.518196 6.554965
0.520582 6.588867
0.522967 6.620288
0.525353 6.649162
0.527739 6.675445
0.530125 6.699111
0.532510 6.720159
0.534896 6.738609
0.537282 6.754506
0.539668 6.767913
0.542053 6.778916
0.544439 6.787614
0.546825 6.794122
0.549211 6.798563
0.551596 6.801069
0.553982 6.801773
0.556368 6.800812
0.558754 6.798318
0.561139 6.794425
0.563525 6.789260
0.565911 6.782944
0.568297 6.775597
0.570682 6.767329
0.573068 6.758247
0.575454 6.748451
0.577839 6.738037
0.580225 6.727094
0.582611 6.715708
0.584997 6.703960
0.587383 6.691928
0.589768 6.679686
0.592154 6.667302
0.594540 6.654845
0.596925 6.642378
0.599311 6.629963
0.601697 6.617659
0.604083 6.605523
0.606468 6.593609
0.608854 6.581969
0.611240 6.570654
0.613626 6.559710
0.616012 6.549185
0.618397 6.539122
0.620783 6.529562
0.623169 6.520544
0.625554 6.512106
0.627940 6.504281
0.630326 6.497102
0.632712 6.490598
0.635097 6.484795
0.637483 6.479716
0.639869 6.475384
0.642255 6.471814
0.644640 6.469023
0.647026 6.467021
0.649412 6.465816
0.651798 6.465414


0.000000 6.465414
0.001377 6.465559
0.002755 6.465994
0.004132 6.466719
0.005510 6.467733
0.006887 6.469037
0.008264 6.470630
0.009642 6.472511
0.011019 6.474681
0.012397 6.477138
0.013774 6.479882
0.015152 6.482912
0.016529 6.486228
0.017906 6.489828
0.019284 6.493712
0.020661 6.497879
0.022039 6.502327
0.023416 6.507055
0.024793 6.512062
0.026171 6.517347
0.027548 6.522908
0.028926 6.528743
0.030303 6.534851
0.031680 6.541231
0.033058 6.547879
0.034435 6.554795
0.035813 6.561977
0.037190 6.569421
0.038567 6.577127
0.039945 6.585091
0.041322 6.593311
0.042700 6.601785
0.044077 6.610510
0.045455 6.619483
0.046832 6.628702
0.048209 6.638162
0.049587 6.647862
0.050964 6.657798
0.052342 6.667967
0.053719 6.678365
0.055096 6.688989
0.056474 6.699836
0.057851 6.710900
0.059229 6.722179
0.060606 6.733669
0.061983 6.745365
0.063361 6.757263
0.064738 6.769360
0.066116 6.781650
0.067493 6.794129
0.068871 6.806792
0.070248 6.819635
0.071625 6.832653
0.073003 6.845841
0.074380 6.859194
0.075758 6.872707
0.077135 6.886374
0.078512 6.900190
0.079890 6.914150
0.081267 6.928249
0.082645 6.942481
0.084022 6.956839
0.085399 6.971320
0.086777 6.985915
0.088154 7.000621
0.089532 7.015431
0.090909 7.030339
0.092286 7.045338
0.093664 7.060424
0.095041 7.075589
0.096419 7.090828
0.097796 7.106134
0.099174 7.121501
0.100551 7.136923
0.101928 7.152394
0.103306 7.167907
0.104683 7.183456
0.106061 7.199035
0.107438 7.214637
0.108815 7.230256
0.110193 7.245885
0.111570 7.261519
0.112948 7.277151
0.114325 7.292775
0.115702 7.308384
0.117080 7.323973
0.118457 7.339535
0.119835 7.355064
0.121212 7.370554
0.122590 7.385999
0.123967 7.401394
0.125344 7.416731
0.126722 7.383374
0.128099 7.346626
0.129477 7.309027
0.130854 7.270578
0.132231 7.231280
0.133609 7.191136
0.134986 7.150149
0.136364 7.108321
0.137741 7.065656

0.137741 7.065656
0.139119 7.065898
0.140496 7.066623
0.141873 7.067827
0.143251 7.069504
0.144628 7.071644
0.146006 7.074237
0.147383 7.077269
0.148760 7.080724
0.150138 7.084585
0.151515 7.088833
0.152893 7.093448
0.154270 7.098409
0.155647 7.103694
0.157025 7.109278
0.158402 7.115140
0.159780 7.121255
0.161157 7.127600
0.162534 7.134149
0.163912 7.140882
0.165289 7.147772
0.166667 7.154800
0.168044 7.161941
0.169422 7.169175
0.170799 7.176482
0.172176 7.183840
0.173554 7.191232
0.174931 7.198639
0.176309 7.206044
0.177686 7.213430
0.179063 7.220783
0.180441 7.228088
0.181818 7.235331
0.183196 7.242501
0.184573 7.249584
0.185950 7.256571
0.187328 7.263451
0.188705 7.270216
0.190083 7.276857
0.191460 7.283367
0.192837 7.289739
0.194215 7.295967
0.195592 7.302046
0.196970 7.307970
0.198347 7.313737
0.199724 7.319343
0.201102 7.324785
0.202479 7.330062
0.203857 7.335170
0.205234 7.340110
0.206612 7.344880
0.207989 7.349482
0.209366 7.353913
0.210744 7.358177
0.212121 7.362273
0.213499 7.366204
0.214876 7.369970
0.216253 7.373575
0.217631 7.367272
0.219008 7.359238
0.220386 7.350977
0.221763 7.342486
0.223140 7.333763
0.224518 7.324806
0.225895 7.315613
0.227273 7.306182
0.228650 7.296510
0.230027 7.286597
0.231405 7.276440
0.232782 7.266037
0.234160 7.255389
0.235537 7.244492
0.236915 7.233347
0.238292 7.221951
0.239669 7.210305
0.241047 7.198408
0.242424 7.186259
0.243802 7.173858
0.245179 7.161204
0.246557 7.148298
0.247934 7.135140
0.249311 7.121729
0.250689 7.108067
0.252066 7.094154
0.253443 7.079991
0.254821 7.065579
0.256198 7.050919
0.257576 7.036012
0.258953 7.020860
0.260331 7.005464
0.261708 6.989827
0.263085 6.973949
0.264463 6.957835
0.265840 6.941485
0.267218 6.924903
0.268595 6.908091
0.269973 6.891052
0.271350 6.873790
0.272727 6.856307
0.274105 6.838607
0.275482 6.820694

0.275482 6.820694
0.276859 6.819835
0.278237 6.817268
0.279614 6.813017
0.280992 6.807123
0.282369 6.799639
0.283747 6.790628
0.285124 6.780159
0.286501 6.768309
0.287879 6.755153
0.289256 6.740768
0.290634 6.725228
0.292011 6.708605
0.293388 6.690967
0.294766 6.672377
0.296143 6.652895
0.297521 6.632576
0.298898 6.611471
0.300275 6.589627
0.301653 6.567087
0.303030 6.543891
0.304408 6.520077
0.305785 6.495679
0.307163 6.470730
0.308540 6.445259
0.309917 6.419295
0.311295 6.392864
0.312672 6.365994
0.314050 6.338707
0.315427 6.311027
0.316804 6.282978
0.318182 6.254580
0.319559 6.225855
0.320937 6.196824
0.322314 6.167509
0.323692 6.137928
0.325069 6.108102
0.326446 6.078051
0.327824 6.047794
0.329201 6.017353
0.330578 5.986746
0.331956 5.955993
0.333333 5.925114
0.334711 5.894130
0.336088 5.863060
0.337466 5.831925
0.338843 5.800746
0.340220 5.769544
0.341598 5.738338
0.342975 5.707152
0.344353 5.676006
0.345730 5.644921
0.347107 5.613921
0.348485 5.583026
0.349862 5.552261
0.351240 5.521647
0.352617 5.491207
0.353994 5.460965
0.355372 5.430944
0.356749 5.401169
0.358127 5.371662
0.359504 5.342448
0.360882 5.313551
0.362259 5.284996
0.363636 5.256808
0.365014 5.229010
0.366391 5.201628
0.367769 5.174687
0.369146 5.148212
0.370523 5.122227
0.371901 5.096757
0.373278 5.071828
0.374656 5.047463
0.376033 5.023688
0.377410 5.000526
0.378788 4.978003
0.380165 4.956140
0.381543 4.934963
0.382920 4.914494
0.384298 4.894755
0.385675 4.875769
0.387052 4.857558
0.388430 4.840142
0.389807 4.823542
0.391185 4.807777
0.392562 4.792866
0.393939 4.778828
0.395317 4.765679
0.396694 4.753435
0.398072 4.742113
0.399449 4.731725
0.400826 4.722286
0.402204 4.713808
0.403581 4.706300
0.404959 4.699774
0.406336 4.694237
0.407714 4.689697
0.409091 4.686160
0.410468 4.683630
0.411846 4.682110
0.413223 4.681604

0.413223 4.681604
0.415609 4.683458
0.417995 4.689013
0.420380 4.698239
0.422766 4.711089
0.425152 4.727499
0.427538 4.747385
0.429923 4.770649
0.432309 4.797179
0.434695 4.826848
0.437081 4.859518
0.439466 4.895039
0.441852 4.933255
0.444238 4.974000
0.446624 5.017102
0.449009 5.062388
0.451395 5.109677
0.453781 5.158790
0.456166 5.209544
0.458552 5.261758
0.460938 5.315250
0.463324 5.369842
0.465709 5.425356
0.468095 5.481617
0.470481 5.538452
0.472867 5.595692
0.475253 5.653172
0.477638 5.710727
0.480024 5.768197
0.482410 5.825427
0.484795 5.882260
0.487181 5.938545
0.489567 5.994132
0.491953 6.048874
0.494339 6.102624
0.496724 6.155240
0.499110 6.206577
0.501496 6.256497
0.503881 6.304858
0.506267 6.351526
0.508653 6.396367
0.511039 6.439251
0.513424 6.480055
0.515810 6.518662
0.518196 6.554965
0.520582 6.588867
0.522967 6.620288
0.525353 6.649162
0.527739 6.675445
0.530125 6.699111
0.532510 6.720159
0.534896 6.738609
0.537282 6.754506
0.539668 6.767913
0.542053 6.778916
0.544439 6.787614
0.546825 6.794122
0.549211 6.798563
0.551596 6.801069
0.553982 6.801773
0.556368 6.800812
0.558754 6.798318
0.561139 6.794425
0.563525 6.789260
0.565911 6.782944
0.568297 6.775597
0.570682 6.767329
0.573068 6.758247
0.575454 6.748451
0.577839 6.738037
0.580225 6.727094
0.582611 6.715708
0.584997 6.703960
0.587383 6.691928
0.589768 6.679686
0.592154 6.667302
0.594540 6.654845
0.596925 6.642378
0.599311 6.629963
0.601697 6.617659
0.604083 6.605523
0.606468 6.593609
0.608854 6.581969
0.611240 6.570654
0.613626 6.559710
0.616012 6.549185
0.618397 6.539122
0.620783 6.529562
0.623169 6.520544
0.625554 6.512106
0.627940 6.504281
0.630326 6.497102
0.632712 6.490598
0.635097 6.484795
0.637483 6.479716
0.639869 6.475384
0.642255 6.471814
0.644640 6.469023
0.647026 6.467021
0.649412 6.465816
0.651798 6.465414


0.000000 6.465414
0.001377 6.465559
0.002755 6.465994
0.004132 6.466719
0.005510 6.467733
0.006887 6.469037
0.008264 6.470630
0.009642 6.472511
0.011019 6.474681
0.012397 6.477138
0.013774 6.479882
0.015152 6.482912
0.016529 6.486228
0.017906 6.489828
0.019284 6.493712
0.020661 6.497879
0.022039 6.502327
0.023416 6.507055
0.024793 6.512062
0.026171 6.517347
0.027548 6.522908
0.028926 6.528743
0.030303 6.534851
0.031680 6.541231
0.033058 6.547879
0.034435 6.554795
0.035813 6.561977
0.037190 6.569421
0.038567 6.577127
0.039945 6.585091
0.041322 6.593311
0.042700 6.601785
0.044077 6.610510
0.045455 6.619483
0.046832 6.628702
0.048209 6.638162
0.049587 6.647862
0.050964 6.657798
0.052342 6.667967
0.053719 6.678365
0.055096 6.688989
0.056474 6.699836
0.057851 6.710900
0.059229 6.722179
0.060606 6.733669
0.061983 6.745365
0.063361 6.757263
0.064738 6.769360
0.066116 6.781650
0.067493 6.794129
0.068871 6.806792
0.070248 6.819635
0.071625 6.832653
0.073003 6.845841
0.074380 6.859194
0.075758 6.872707
0.077135 6.886374
0.078512 6.900190
0.079890 6.914150
0.081267 6.928249
0.082645 6.942481
0.084022 6.956839
0.085399 6.971320
0.086777 6.985915
0.088154 7.000621
0.089532 7.015431
0.090909 7.030339
0.092286 7.045338
0.093664 7.060424
0.095041 7.075589
0.096419 7.090828
0.097796 7.106134
0.099174 7.121501
0.100551 7.136923
0.101928 7.152394
0.103306 7.167907
0.104683 7.183456
0.106061 7.199035
0.107438 7.214637
0.108815 7.230256
0.110193 7.245885
0.111570 7.261519
0.112948 7.277151
0.114325 7.292775
0.115702 7.308384
0.117080 7.323973
0.118457 7.339535
0.119835 7.355064
0.121212 7.370554
0.122590 7.385999
0.123967 7.401394
0.125344 7.416731
0.126722 7.432006
0.128099 7.447212
0.129477 7.462345
0.130854 7.477397
0.132231 7.492365
0.133609 7.507242
0.134986 7.522024
0.136364 7.536704
0.137741 7.551278

0.137741 7.551278
0.139119 7.551240
0.140496 7.551125
0.141873 7.550934
0.143251 7.550665
0.144628 7.550319
0.146006 7.549895
0.147383 7.549392
0.148760 7.548809
0.150138 7.548145
0.151515 7.547398
0.152893 7.546569
0.154270 7.545655
0.155647 7.544654
0.157025 7.543565
0.158402 7.542387
0.159780 7.541117
0.161157 7.539752
0.162534 7.538292
0.163912 7.536734
0.165289 7.535075
0.166667 7.533313
0.168044 7.531445
0.169422 7.529469
0.170799 7.527382
0.172176 7.525181
0.173554 7.522864
0.174931 7.520426
0.176309 7.517866
0.177686 7.515180
0.179063 7.512364
0.180441 7.509416
0.181818 7.506333
0.183196 7.503110
0.184573 7.499745
0.185950 7.496234
0.187328 7.492574
0.188705 7.488761
0.190083 7.484792
0.191460 7.480663
0.192837 7.476371
0.194215 7.471912
0.195592 7.467282
0.196970 7.462479
0.198347 7.457498
0.199724 7.452337
0.201102 7.446991
0.202479 7.441458
0.203857 7.435734
0.205234 7.429815
0.206612 7.423698
0.207989 7.417381
0.209366 7.410859
0.210744 7.404130
0.212121 7.397191
0.213499 7.390038
0.214876 7.382670
0.216253 7.375082
0.217631 7.377020
0.219008 7.380309
0.220386 7.383445
0.221763 7.386430
0.223140 7.389269
0.224518 7.391966
0.225895 7.394523
0.227273 7.396947
0.228650 7.399240
0.230027 7.401407
0.231405 7.403454
0.232782 7.405384
0.234160 7.407203
0.235537 7.408915
0.236915 7.410527
0.238292 7.412042
0.239669 7.413466
0.241047 7.414805
0.242424 7.416063
0.243802 7.417247
0.245179 7.418360
0.246557 7.419409
0.247934 7.420398
0.249311 7.421333
0.250689 7.422220
0.252066 7.423062
0.253443 7.423866
0.254821 7.424636
0.256198 7.425378
0.257576 7.426095
0.258953 7.426793
0.260331 7.427476
0.261708 7.428149
0.263085 7.428816
0.264463 7.429481
0.265840 7.430148
0.267218 7.430822
0.268595 7.431506
0.269973 7.432203
0.271350 7.432917
0.272727 7.433652
0.274105 7.434409
0.275482 7.435193

0.275482 7.435193
0.276859 7.435638
0.278237 7.436965
0.279614 7.439149
0.280992 7.442153
0.282369 7.445925
0.283747 7.450404
0.285124 7.455524
0.286501 7.461213
0.287879 7.467400
0.289256 7.474013
0.290634 7.480983
0.292011 7.488245
0.293388 7.495737
0.294766 7.503404
0.296143 7.511194
0.297521 7.519060
0.298898 7.526961
0.300275 7.534859
0.301653 7.542722
0.303030 7.550519
0.304408 7.558225
0.305785 7.565818
0.307163 7.573279
0.308540 7.580589
0.309917 7.587734
0.311295 7.594702
0.312672 7.601482
0.314050 7.608065
0.315427 7.614444
0.316804 7.620613
0.318182 7.626567
0.319559 7.632301
0.320937 7.637815
0.322314 7.643105
0.323692 7.648171
0.325069 7.653013
0.326446 7.657631
0.327824 7.662027
0.329201 7.666201
0.330578 7.670157
0.331956 7.673897
0.333333 7.677423
0.334711 7.680740
0.336088 7.683851
0.337466 7.686761
0.338843 7.689473
0.340220 7.691993
0.341598 7.694325
0.342975 7.696474
0.344353 7.698446
0.345730 7.700246
0.347107 7.701880
0.348485 7.703353
0.349862 7.704672
0.351240 7.705842
0.352617 7.706869
0.353994 7.707759
0.355372 7.708519
0.356749 7.709155
0.358127 7.709672
0.359504 7.710078
0.360882 7.710378
0.362259 7.710579
0.363636 7.710687
0.365014 7.710707
0.366391 7.710647
0.367769 7.710512
0.369146 7.710308
0.370523 7.710041
0.371901 7.709717
0.373278 7.709342
0.374656 7.708922
0.376033 7.708462
0.377410 7.707967
0.378788 7.707442
0.380165 7.706894
0.381543 7.706327
0.382920 7.705746
0.384298 7.705156
0.385675 7.704561
0.387052 7.703965
0.388430 7.703374
0.389807 7.702790
0.391185 7.702219
0.392562 7.701663
0.393939 7.701126
0.395317 7.700612
0.396694 7.700123
0.398072 7.699662
0.399449 7.699233
0.400826 7.698837
0.402204 7.698476
0.403581 7.698154
0.404959 7.697870
0.406336 7.697628
0.407714 7.697428
0.409091 7.697271
0.410468 7.697159
0.411846 7.697091
0.413223 7.697068

0.413223 7.697068
0.415609 7.697066
0.417995 7.697059
0.420380 7.697044
0.422766 7.697017
0.425152 7.696974
0.427538 7.696905
0.429923 7.696803
0.432309 7.696655
0.434695 7.696448
0.437081 7.696166
0.439466 7.695790
0.441852 7.695298
0.444238 7.694666
0.446624 7.693867
0.449009 7.692868
0.451395 7.691635
0.453781 7.690130
0.456166 7.688308
0.458552 7.686124
0.460938 7.683526
0.463324 7.680459
0.465709 7.676862
0.468095 7.672671
0.470481 7.667817
0.472867 7.662227
0.475253 7.655822
0.477638 7.648521
0.480024 7.640238
0.482410 7.630882
0.484795 7.620361
0.487181 7.608577
0.489567 7.595431
0.491953 7.580819
0.494339 7.564638
0.496724 7.546778
0.499110 7.527132
0.501496 7.505591
0.503881 7.482042
0.506267 7.456377
0.508653 7.428483
0.511039 7.398250
0.513424 7.365570
0.515810 7.330336
0.518196 7.292441
0.520582 7.251783
0.522967 7.208262
0.525353 7.161780
0.527739 7.112245
0.530125 7.059567
0.532510 7.003662
0.534896 6.944450
0.537282 6.881856
0.539668 6.815811
0.542053 6.778916
0.544439 6.787614
0.546825 6.794122
0.549211 6.798563
0.551596 6.801069
0.553982 6.801773
0.556368 6.800812
0.558754 6.798318
0.561139 6.794425
0.563525 6.789260
0.565911 6.782944
0.568297 6.775597
0.570682 6.767329
0.573068 6.758247
0.575454 6.748451
0.577839 6.738037
0.580225 6.727094
0.582611 6.715708
0.584997 6.703960
0.587383 6.691928
0.589768 6.679686
0.592154 6.667302
0.594540 6.654845
0.596925 6.642378
0.599311 6.629963
0.601697 6.617659
0.604083 6.605523
0.606468 6.593609
0.608854 6.581969
0.611240 6.570654
0.613626 6.559710
0.616012 6.549185
0.618397 6.539122
0.620783 6.529562
0.623169 6.520544
0.625554 6.512106
0.627940 6.504281
0.630326 6.497102
0.632712 6.490598
0.635097 6.484795
0.637483 6.479716
0.639869 6.475384
0.642255 6.471814
0.644640 6.469023
0.647026 6.467021
0.649412 6.465816
0.651798 6.465414


0.000000 8.194707
0.001377 8.194669
0.002755 8.194556
0.004132 8.194367
0.005510 8.194101
0.006887 8.193759
0.008264 8.193340
0.009642 8.192843
0.011019 8.192268
0.012397 8.191613
0.013774 8.190877
0.015152 8.190060
0.016529 8.189159
0.017906 8.188174
0.019284 8.187104
0.020661 8.185945
0.022039 8.184698
0.023416 8.183359
0.024793 8.181928
0.026171 8.180402
0.027548 8.178779
0.028926 8.177056
0.030303 8.175233
0.031680 8.173306
0.033058 8.171273
0.034435 8.169131
0.035813 8.166879
0.037190 8.164513
0.038567 8.162031
0.039945 8.159430
0.041322 8.156708
0.042700 8.153863
0.044077 8.150890
0.045455 8.147788
0.046832 8.144553
0.048209 8.141184
0.049587 8.137677
0.050964 8.134029
0.052342 8.130238
0.053719 8.126300
0.055096 8.122214
0.056474 8.117977
0.057851 8.113585
0.059229 8.109036
0.060606 8.104328
0.061983 8.099458
0.063361 8.094424
0.064738 8.089223
0.066116 8.083852
0.067493 8.078311
0.068871 8.072595
0.070248 8.066703
0.071625 8.060634
0.073003 8.054385
0.074380 8.047954
0.075758 8.041340
0.077135 8.034540
0.078512 8.027554
0.079890 8.020380
0.081267 8.013017
0.082645 8.005463
0.084022 7.997717
0.085399 7.989779
0.086777 7.981647
0.088154 7.973322
0.089532 7.964802
0.090909 7.956087
0.092286 7.947177
0.093664 7.938072
0.095041 7.928771
0.096419 7.919276
0.097796 7.909586
0.099174 7.899702
0.100551 7.889624
0.101928 7.879354
0.103306 7.868893
0.104683 7.856057
0.106061 7.832770
0.107438 7.808669
0.108815 7.783748
0.110193 7.758001
0.111570 7.731424
0.112948 7.704013
0.114325 7.675764
0.115702 7.646672
0.117080 7.616736
0.118457 7.585953
0.119835 7.554320
0.121212 7.521836
0.122590 7.488500
0.123967 7.454311
0.125344 7.419269
0.126722 7.432006
0.128099 7.447212
0.129477 7.462345
0.130854 7.477397
0.132231 7.492365
0.133609 7.507242
0.134986 7.522024
0.136364 7.536704
0.137741 7.551278

0.137741 7.551278
0.139119 7.551240
0.140496 7.551125
0.141873 7.550934
0.143251 7.550665
0.144628 7.550319
0.146006 7.549895
0.147383 7.549392
0.148760 7.548809
0.150138 7.548145
0.151515 7.547398
0.152893 7.546569
0.154270 7.545655
0.155647 7.544654
0.157025 7.543565
0.158402 7.542387
0.159780 7.541117
0.161157 7.539752
0.162534 7.538292
0.163912 7.536734
0.165289 7.535075
0.166667 7.533313
0.168044 7.531445
0.169422 7.529469
0.170799 7.527382
0.172176 7.525181
0.173554 7.522864
0.174931 7.520426
0.176309 7.517866
0.177686 7.515180
0.179063 7.512364
0.180441 7.509416
0.181818 7.506333
0.183196 7.503110
0.184573 7.499745
0.185950 7.496234
0.187328 7.492574
0.188705 7.488761
0.190083 7.484792
0.191460 7.480663
0.192837 7.476371
0.194215 7.471912
0.195592 7.467282
0.196970 7.462479
0.198347 7.457498
0.199724 7.452337
0.201102 7.446991
0.202479 7.441458
0.203857 7.435734
0.205234 7.429815
0.206612 7.423698
0.207989 7.417381
0.209366 7.410859
0.210744 7.404130
0.212121 7.397191
0.213499 7.390038
0.214876 7.382670
0.216253 7.375082
0.217631 7.377020
0.219008 7.380309
0.220386 7.383445
0.221763 7.386430
0.223140 7.389269
0.224518 7.391966
0.225895 7.394523
0.227273 7.396947
0.228650 7.399240
0.230027 7.401407
0.231405 7.403454
0.232782 7.405384
0.234160 7.407203
0.235537 7.408915
0.236915 7.410527
0.238292 7.412042
0.239669 7.413466
0.241047 7.414805
0.242424 7.416063
0.243802 7.417247
0.245179 7.418360
0.246557 7.419409
0.247934 7.420398
0.249311 7.421333
0.250689 7.422220
0.252066 7.423062
0.253443 7.423866
0.254821 7.424636
0.256198 7.425378
0.257576 7.426095
0.258953 7.426793
0.260331 7.427476
0.261708 7.428149
0.263085 7.428816
0.264463 7.429481
0.265840 7.430148
0.267218 7.430822
0.268595 7.431506
0.269973 7.432203
0.271350 7.432917
0.272727 7.433652
0.274105 7.434409
0.275482 7.435193

0.275482 7.435193
0.276859 7.435638
0.278237 7.436965
0.279614 7.439149
0.280992 7.442153
0.282369 7.445925
0.283747 7.450404
0.285124 7.455524
0.286501 7.461213
0.287879 7.467400
0.289256 7.474013
0.290634 7.480983
0.292011 7.488245
0.293388 7.495737
0.294766 7.503404
0.296143 7.511194
0.297521 7.519060
0.298898 7.526961
0.300275 7.534859
0.301653 7.542722
0.303030 7.550519
0.304408 7.558225
0.305785 7.565818
0.307163 7.573279
0.308540 7.580589
0.309917 7.587734
0.311295 7.594702
0.312672 7.601482
0.314050 7.608065
0.315427 7.614444
0.316804 7.620613
0.318182 7.626567
0.319559 7.632301
0.320937 7.637815
0.322314 7.643105
0.323692 7.648171
0.325069 7.653013
0.326446 7.657631
0.327824 7.662027
0.329201 7.666201
0.330578 7.670157
0.331956 7.673897
0.333333 7.677423
0.334711 7.680740
0.336088 7.683851
0.337466 7.686761
0.338843 7.689473
0.340220 7.691993
0.341598 7.694325
0.342975 7.696474
0.344353 7.698446
0.345730 7.700246
0.347107 7.701880
0.348485 7.703353
0.349862 7.704672
0.351240 7.705842
0.352617 7.706869
0.353994 7.707759
0.355372 7.708519
0.356749 7.709155
0.358127 7.709672
0.359504 7.710078
0.360882 7.710378
0.362259 7.710579
0.363636 7.710687
0.365014 7.710707
0.366391 7.710647
0.367769 7.710512
0.369146 7.710308
0.370523 7.710041
0.371901 7.709717
0.373278 7.709342
0.374656 7.708922
0.376033 7.708462
0.377410 7.707967
0.378788 7.707442
0.380165 7.706894
0.381543 7.706327
0.382920 7.705746
0.384298 7.705156
0.385675 7.704561
0.387052 7.703965
0.388430 7.703374
0.389807 7.702790
0.391185 7.702219
0.392562 7.701663
0.393939 7.701126
0.395317 7.700612
0.396694 7.700123
0.398072 7.699662
0.399449 7.699233
0.400826 7.698837
0.402204 7.698476
0.403581 7.698154
0.404959 7.697870
0.406336 7.697628
0.407714 7.697428
0.409091 7.697271
0.410468 7.697159
0.411846 7.697091
0.413223 7.697068

0.413223 7.697068
0.415609 7.697160
0.417995 7.697432
0.420380 7.697884
0.422766 7.698511
0.425152 7.699308
0.427538 7.700267
0.429923 7.701379
0.432309 7.702637
0.434695 7.704027
0.437081 7.705539
0.439466 7.707159
0.441852 7.708874
0.444238 7.710669
0.446624 7.712531
0.449009 7.714443
0.451395 7.716393
0.453781 7.718364
0.456166 7.720344
0.458552 7.722320
0.460938 7.724280
0.463324 7.726213
0.465709 7.728110
0.468095 7.729965
0.470481 7.731772
0.472867 7.733531
0.475253 7.735241
0.477638 7.736907
0.480024 7.738537
0.482410 7.740142
0.484795 7.741739
0.487181 7.743346
0.489567 7.744990
0.491953 7.746701
0.494339 7.748514
0.496724 7.750469
0.499110 7.752612
0.501496 7.754995
0.503881 7.757673
0.506267 7.760706
0.508653 7.764157
0.511039 7.768091
0.513424 7.772575
0.515810 7.777673
0.518196 7.783446
0.520582 7.789950
0.522967 7.797231
0.525353 7.805324
0.527739 7.814250
0.530125 7.824015
0.532510 7.834606
0.534896 7.845993
0.537282 7.858127
0.539668 7.870944
0.542053 7.884364
0.544439 7.898295
0.546825 7.912637
0.549211 7.927284
0.551596 7.942126
0.553982 7.957057
0.556368 7.971971
0.558754 7.986767
0.561139 8.001354
0.563525 8.015644
0.565911 8.029563
0.568297 8.043042
0.570682 8.056023
0.573068 8.068457
0.575454 8.080305
0.577839 8.091534
0.580225 8.102122
0.582611 8.112053
0.584997 8.121318
0.587383 8.129915
0.589768 8.137849
0.592154 8.145128
0.594540 8.151768
0.596925 8.157787
0.599311 8.163207
0.601697 8.168054
0.604083 8.172358
0.606468 8.176148
0.608854 8.179458
0.611240 8.182323
0.613626 8.184777
0.616012 8.186856
0.618397 8.188597
0.620783 8.190034
0.623169 8.191203
0.625554 8.192137
0.627940 8.192870
0.630326 8.193432
0.632712 8.193852
0.635097 8.194156
0.637483 8.194369
0.639869 8.194512
0.642255 8.194603
0.644640 8.194658
0.647026 8.194688
0.649412 8.194703
0.651798 8.194707


0.000000 8.194707
0.001377 8.194669
0.002755 8.194556
0.004132 8.194367
0.005510 8.194101
0.006887 8.193759
0.008264 8.193340
0.009642 8.192843
0.011019 8.192268
0.012397 8.191613
0.013774 8.190877
0.015152 8.190060
0.016529 8.189159
0.017906 8.188174
0.019284 8.187104
0.020661 8.185945
0.022039 8.184698
0.023416 8.183359
0.024793 8.181928
0.026171 8.180402
0.027548 8.178779
0.028926 8.177056
0.030303 8.175233
0.031680 8.173306
0.033058 8.171273
0.034435 8.169131
0.035813 8.166879
0.037190 8.164513
0.038567 8.162031
0.039945 8.159430
0.041322 8.156708
0.042700 8.153863
0.044077 8.150890
0.045455 8.147788
0.046832 8.144553
0.048209 8.141184
0.049587 8.137677
0.050964 8.134029
0.052342 8.130238
0.053719 8.126300
0.055096 8.122214
0.056474 8.117977
0.057851 8.113585
0.059229 8.109036
0.060606 8.104328
0.061983 8.099458
0.063361 8.094424
0.064738 8.089223
0.066116 8.083852
0.067493 8.078311
0.068871 8.072595
0.070248 8.066703
0.071625 8.060634
0.073003 8.054385
0.074380 8.047954
0.075758 8.041340
0.077135 8.034540
0.078512 8.027554
0.079890 8.020380
0.081267 8.013017
0.082645 8.005463
0.084022 7.997717
0.085399 7.989779
0.086777 7.981647
0.088154 7.973322
0.089532 7.964802
0.090909 7.956087
0.092286 7.947177
0.093664 7.938072
0.095041 7.928771
0.096419 7.919276
0.097796 7.909586
0.099174 7.899702
0.100551 7.889624
0.101928 7.879354
0.103306 7.868893
0.104683 7.858241
0.106061 7.847400
0.107438 7.836372
0.108815 7.825157
0.110193 7.813758
0.111570 7.802177
0.112948 7.790416
0.114325 7.778478
0.115702 7.766363
0.117080 7.754076
0.118457 7.741620
0.119835 7.728996
0.121212 7.716208
0.122590 7.703259
0.123967 7.690153
0.125344 7.676892
0.126722 7.663482
0.128099 7.649925
0.129477 7.636226
0.130854 7.622389
0.132231 7.608417
0.133609 7.594316
0.134986 7.580089
0.136364 7.565742
0.137741 7.551278

0.137741 7.551278
0.139119 7.551272
0.140496 7.551251
0.141873 7.551217
0.143251 7.551170
0.144628 7.551107
0.146006 7.551029
0.147383 7.550936
0.148760 7.550825
0.150138 7.550697
0.151515 7.550550
0.152893 7.550383
0.154270 7.550195
0.155647 7.549984
0.157025 7.549749
0.158402 7.549488
0.159780 7.549200
0.161157 7.548884
0.162534 7.548538
0.163912 7.548159
0.165289 7.547748
0.166667 7.547301
0.168044 7.546818
0.169422 7.546298
0.170799 7.545738
0.172176 7.545137
0.173554 7.544494
0.174931 7.543809
0.176309 7.543079
0.177686 7.542303
0.179063 7.541482
0.180441 7.540613
0.181818 7.539697
0.183196 7.538733
0.184573 7.537720
0.185950 7.536658
0.187328 7.535547
0.188705 7.534387
0.190083 7.533178
0.191460 7.531920
0.192837 7.530615
0.194215 7.529261
0.195592 7.527861
0.196970 7.526415
0.198347 7.524925
0.199724 7.523390
0.201102 7.521814
0.202479 7.520196
0.203857 7.518540
0.205234 7.516845
0.206612 7.515116
0.207989 7.513352
0.209366 7.511557
0.210744 7.509733
0.212121 7.507882
0.213499 7.506006
0.214876 7.504108
0.216253 7.502191
0.217631 7.500256
0.219008 7.498307
0.220386 7.496347
0.221763 7.494378
0.223140 7.492403
0.224518 7.490425
0.225895 7.488446
0.227273 7.486470
0.228650 7.484500
0.230027 7.482537
0.231405 7.480586
0.232782 7.478648
0.234160 7.476726
0.235537 7.474823
0.236915 7.472942
0.238292 7.471084
0.239669 7.469253
0.241047 7.467450
0.242424 7.465678
0.243802 7.463938
0.245179 7.462233
0.246557 7.460565
0.247934 7.458934
0.249311 7.457342
0.250689 7.455792
0.252066 7.454282
0.253443 7.452816
0.254821 7.451393
0.256198 7.450014
0.257576 7.448680
0.258953 7.447390
0.260331 7.446145
0.261708 7.444944
0.263085 7.443788
0.264463 7.442675
0.265840 7.441604
0.267218 7.440575
0.268595 7.439587
0.269973 7.438637
0.271350 7.437725
0.272727 7.436848
0.274105 7.436005
0.275482 7.435193

0.275482 7.435193
0.276859 7.435638
0.278237 7.436965
0.279614 7.439149
0.280992 7.442153
0.282369 7.445925
0.283747 7.450404
0.285124 7.455524
0.286501 7.461213
0.287879 7.467400
0.289256 7.474013
0.290634 7.480983
0.292011 7.488245
0.293388 7.495737
0.294766 7.503404
0.296143 7.511194
0.297521 7.519060
0.298898 7.526961
0.300275 7.534859
0.301653 7.542722
0.303030 7.550519
0.304408 7.558225
0.305785 7.565818
0.307163 7.573279
0.308540 7.580589
0.309917 7.587734
0.311295 7.594702
0.312672 7.601482
0.314050 7.608065
0.315427 7.614444
0.316804 7.620613
0.318182 7.626567
0.319559 7.632301
0.320937 7.637815
0.322314 7.643105
0.323692 7.648171
0.325069 7.653013
0.326446 7.657631
0.327824 7.662027
0.329201 7.666201
0.330578 7.670157
0.331956 7.673897
0.333333 7.677423
0.334711 7.680740
0.336088 7.683851
0.337466 7.686761
0.338843 7.689473
0.340220 7.691993
0.341598 7.694325
0.342975 7.696474
0.344353 7.698446
0.345730 7.700246
0.347107 7.701880
0.348485 7.703353
0.349862 7.704672
0.351240 7.705842
0.352617 7.706869
0.353994 7.707759
0.355372 7.708519
0.356749 7.709155
0.358127 7.709672
0.359504 7.710078
0.360882 7.710378
0.362259 7.710579
0.363636 7.710687
0.365014 7.710707
0.366391 7.710647
0.367769 7.710512
0.369146 7.710308
0.370523 7.710041
0.371901 7.709717
0.373278 7.709342
0.374656 7.708922
0.376033 7.708462
0.377410 7.707967
0.378788 7.707442
0.380165 7.706894
0.381543 7.706327
0.382920 7.705746
0.384298 7.705156
0.385675 7.704561
0.387052 7.703965
0.388430 7.703374
0.389807 7.702790
0.391185 7.702219
0.392562 7.701663
0.393939 7.701126
0.395317 7.700612
0.396694 7.700123
0.398072 7.699662
0.399449 7.699233
0.400826 7.698837
0.402204 7.698476
0.403581 7.698154
0.404959 7.697870
0.406336 7.697628
0.407714 7.697428
0.409091 7.697271
0.410468 7.697159
0.411846 7.697091
0.413223 7.697068

0.413223 7.697068
0.415609 7.697160
0.417995 7.697432
0.420380 7.697884
0.422766 7.698511
0.425152 7.699308
0.427538 7.700267
0.429923 7.701379
0.432309 7.702637
0.434695 7.704027
0.437081 7.705539
0.439466 7.707159
0.441852 7.708874
0.444238 7.710669
0.446624 7.712531
0.449009 7.714443
0.451395 7.716393
0.453781 7.718364
0.456166 7.720344
0.458552 7.722320
0.460938 7.724280
0.463324 7.726213
0.465709 7.728110
0.468095 7.729965
0.470481 7.731772
0.472867 7.733531
0.475253 7.735241
0.477638 7.736907
0.480024 7.738537
0.482410 7.740142
0.484795 7.741739
0.487181 7.743346
0.489567 7.744990
0.491953 7.746701
0.494339 7.748514
0.496724 7.750469
0.499110 7.752612
0.501496 7.754995
0.503881 7.757673
0.506267 7.760706
0.508653 7.764157
0.511039 7.768091
0.513424 7.772575
0.515810 7.777673
0.518196 7.783446
0.520582 7.789950
0.522967 7.797231
0.525353 7.805324
0.527739 7.814250
0.530125 7.824015
0.532510 7.834606
0.534896 7.845993
0.537282 7.858127
0.539668 7.870944
0.542053 7.884364
0.544439 7.898295
0.546825 7.912637
0.549211 7.927284
0.551596 7.942126
0.553982 7.957057
0.556368 7.971971
0.558754 7.986767
0.561139 8.001354
0.563525 8.015644
0.565911 8.029563
0.568297 8.043042
0.570682 8.056023
0.573068 8.068457
0.575454 8.080305
0.577839 8.091534
0.580225 8.102122
0.582611 8.112053
0.584997 8.121318
0.587383 8.129915
0.589768 8.137849
0.592154 8.145128
0.594540 8.151768
0.596925 8.157787
0.599311 8.163207
0.601697 8.168054
0.604083 8.172358
0.606468 8.176148
0.608854 8.179458
0.611240 8.182323
0.613626 8.184777
0.616012 8.186856
0.618397 8.188597
0.620783 8.190034
0.623169 8.191203
0.625554 8.192137
0.627940 8.192870
0.630326 8.193432
0.632712 8.193852
0.635097 8.194156
0.637483 8.194369
0.639869 8.194512
0.642255 8.194603
0.644640 8.194658
0.647026 8.194688
0.649412 8.194703
0.651798 8.194707


0.000000 8.194707
0.001377 8.194778
0.002755 8.194992
0.004132 8.195347
0.005510 8.195841
0.006887 8.196472
0.008264 8.197236
0.009642 8.198129
0.011019 8.199146
0.012397 8.200283
0.013774 8.201532
0.015152 8.202886
0.016529 8.204339
0.017906 8.205881
0.019284 8.207504
0.020661 8.209198
0.022039 8.210953
0.023416 8.212759
0.024793 8.214603
0.026171 8.216475
0.027548 8.218360
0.028926 8.220248
0.030303 8.222123
0.031680 8.223973
0.033058 8.225783
0.034435 8.227538
0.035813 8.229223
0.037190 8.230823
0.038567 8.232321
0.039945 8.233702
0.041322 8.234949
0.042700 8.236046
0.044077 8.236975
0.045455 8.237720
0.046832 8.238264
0.048209 8.238588
0.049587 8.238675
0.050964 8.238508
0.052342 8.238069
0.053719 8.237340
0.055096 8.236304
0.056474 8.234942
0.057851 8.233237
0.059229 8.231171
0.060606 8.228727
0.061983 8.225887
0.063361 8.222633
0.064738 8.218948
0.066116 8.214816
0.067493 8.210218
0.068871 8.205139
0.070248 8.199562
0.071625 8.193471
0.073003 8.186849
0.074380 8.179680
0.075758 8.171950
0.077135 8.163643
0.078512 8.154744
0.079890 8.145238
0.081267 8.135112
0.082645 8.124351
0.084022 8.112942
0.085399 8.100872
0.086777 8.088127
0.088154 8.074696
0.089532 8.060567
0.090909 8.045728
0.092286 8.030168
0.093664 8.013876
0.095041 7.996842
0.096419 7.979056
0.097796 7.960509
0.099174 7.941191
0.100551 7.921095
0.101928 7.900212
0.103306 7.878535
0.104683 7.858241
0.106061 7.847400
0.107438 7.836372
0.108815 7.825157
0.110193 7.813758
0.111570 7.802177
0.112948 7.790416
0.114325 7.778478
0.115702 7.766363
0.117080 7.754076
0.118457 7.741620
0.119835 7.728996
0.121212 7.716208
0.122590 7.703259
0.123967 7.690153
0.125344 7.676892
0.126722 7.663482
0.128099 7.649925
0.129477 7.636226
0.130854 7.622389
0.132231 7.608417
0.133609 7.594316
0.134986 7.580089
0.136364 7.565742
0.137741 7.551278

0.137741 7.551278
0.139119 7.551272
0.140496 7.551251
0.141873 7.551217
0.143251 7.551170
0.144628 7.551107
0.146006 7.551029
0.147383 7.550936
0.148760 7.550825
0.150138 7.550697
0.151515 7.550550
0.152893 7.550383
0.154270 7.550195
0.155647 7.549984
0.157025 7.549749
0.158402 7.549488
0.159780 7.549200
0.161157 7.548884
0.162534 7.548538
0.163912 7.548159
0.165289 7.547748
0.166667 7.547301
0.168044 7.546818
0.169422 7.546298
0.170799 7.545738
0.172176 7.545137
0.173554 7.544494
0.174931 7.543809
0.176309 7.543079
0.177686 7.542303
0.179063 7.541482
0.180441 7.540613
0.181818 7.539697
0.183196 7.538733
0.184573 7.537720
0.185950 7.536658
0.187328 7.535547
0.188705 7.534387
0.190083 7.533178
0.191460 7.531920
0.192837 7.530615
0.194215 7.529261
0.195592 7.527861
0.196970 7.526415
0.198347 7.524925
0.199724 7.523390
0.201102 7.521814
0.202479 7.520196
0.203857 7.518540
0.205234 7.516845
0.206612 7.515116
0.207989 7.513352
0.209366 7.511557
0.210744 7.509733
0.212121 7.507882
0.213499 7.506006
0.214876 7.504108
0.216253 7.502191
0.217631 7.500256
0.219008 7.498307
0.220386 7.496347
0.221763 7.494378
0.223140 7.492403
0.224518 7.490425
0.225895 7.488446
0.227273 7.486470
0.228650 7.484500
0.230027 7.482537
0.231405 7.480586
0.232782 7.478648
0.234160 7.476726
0.235537 7.474823
0.236915 7.472942
0.238292 7.471084
0.239669 7.469253
0.241047 7.467450
0.242424 7.465678
0.243802 7.463938
0.245179 7.462233
0.246557 7.460565
0.247934 7.458934
0.249311 7.457342
0.250689 7.455792
0.252066 7.454282
0.253443 7.452816
0.254821 7.451393
0.256198 7.450014
0.257576 7.448680
0.258953 7.447390
0.260331 7.446145
0.261708 7.444944
0.263085 7.443788
0.264463 7.442675
0.265840 7.441604
0.267218 7.440575
0.268595 7.439587
0.269973 7.438637
0.271350 7.437725
0.272727 7.436848
0.274105 7.436005
0.275482 7.435193

0.275482 7.435193
0.276859 7.435638
0.278237 7.436965
0.279614 7.439149
0.280992 7.442153
0.282369 7.445925
0.283747 7.450404
0.285124 7.455524
0.286501 7.461213
0.287879 7.467400
0.289256 7.474013
0.290634 7.480983
0.292011 7.488245
0.293388 7.495737
0.294766 7.503404
0.296143 7.511194
0.297521 7.519060
0.298898 7.526961
0.300275 7.534859
0.301653 7.542722
0.303030 7.550519
0.304408 7.558225
0.305785 7.565818
0.307163 7.573279
0.308540 7.580589
0.309917 7.587734
0.311295 7.594702
0.312672 7.601482
0.314050 7.608065
0.315427 7.614444
0.316804 7.620613
0.318182 7.626567
0.319559 7.632301
0.320937 7.637815
0.322314 7.643105
0.323692 7.648171
0.325069 7.653013
0.326446 7.657631
0.327824 7.662027
0.329201 7.666201
0.330578 7.670157
0.331956 7.673897
0.333333 7.677423
0.334711 7.680740
0.336088 7.683851
0.337466 7.686761
0.338843 7.689473
0.340220 7.691993
0.341598 7.694325
0.342975 7.696474
0.344353 7.698446
0.345730 7.700246
0.347107 7.701880
0.348485 7.703353
0.349862 7.704672
0.351240 7.705842
0.352617 7.706869
0.353994 7.707759
0.355372 7.708519
0.356749 7.709155
0.358127 7.709672
0.359504 7.710078
0.360882 7.710378
0.362259 7.710579
0.363636 7.710687
0.365014 7.710707
0.366391 7.710647
0.367769 7.710512
0.369146 7.710308
0.370523 7.710041
0.371901 7.709717
0.373278 7.709342
0.374656 7.708922
0.376033 7.708462
0.377410 7.707967
0.378788 7.707442
0.380165 7.706894
0.381543 7.706327
0.382920 7.705746
0.384298 7.705156
0.385675 7.704561
0.387052 7.703965
0.388430 7.703374
0.389807 7.702790
0.391185 7.702219
0.392562 7.701663
0.393939 7.701126
0.395317 7.700612
0.396694 7.700123
0.398072 7.699662
0.399449 7.699233
0.400826 7.698837
0.402204 7.698476
0.403581 7.698154
0.404959 7.697870
0.406336 7.697628
0.407714 7.697428
0.409091 7.697271
0.410468 7.697159
0.411846 7.697091
0.413223 7.697068

0.413223 7.697068
0.415609 7.697160
0.417995 7.697432
0.420380 7.697884
0.422766 7.698511
0.425152 7.699308
0.427538 7.700267
0.429923 7.701379
0.432309 7.702637
0.434695 7.704027
0.437081 7.705539
0.439466 7.707159
0.441852 7.708874
0.444238 7.710669
0.446624 7.712531
0.449009 7.714443
0.451395 7.716393
0.453781 7.718364
0.456166 7.720344
0.458552 7.722320
0.460938 7.724280
0.463324 7.726213
0.465709 7.728110
0.468095 7.729965
0.470481 7.731772
0.472867 7.733531
0.475253 7.735241
0.477638 7.736907
0.480024 7.738537
0.482410 7.740142
0.484795 7.741739
0.487181 7.743346
0.489567 7.744990
0.491953 7.746701
0.494339 7.748514
0.496724 7.750469
0.499110 7.752612
0.501496 7.754995
0.503881 7.757673
0.506267 7.760706
0.508653 7.764157
0.511039 7.768091
0.513424 7.772575
0.515810 7.777673
0.518196 7.783446
0.520582 7.789950
0.522967 7.797231
0.525353 7.805324
0.527739 7.814250
0.530125 7.824015
0.532510 7.834606
0.534896 7.845993
0.537282 7.858127
0.539668 7.870944
0.542053 7.884364
0.544439 7.898295
0.546825 7.912637
0.549211 7.927284
0.551596 7.942126
0.553982 7.957057
0.556368 7.971971
0.558754 7.986767
0.561139 8.001354
0.563525 8.015644
0.565911 8.029563
0.568297 8.043042
0.570682 8.056023
0.573068 8.068457
0.575454 8.080305
0.577839 8.091534
0.580225 8.102122
0.582611 8.112053
0.584997 8.121318
0.587383 8.129915
0.589768 8.137849
0.592154 8.145128
0.594540 8.151768
0.596925 8.157787
0.599311 8.163207
0.601697 8.168054
0.604083 8.172358
0.606468 8.176148
0.608854 8.179458
0.611240 8.182323
0.613626 8.184777
0.616012 8.186856
0.618397 8.188597
0.620783 8.190034
0.623169 8.191203
0.625554 8.192137
0.627940 8.192870
0.630326 8.193432
0.632712 8.193852
0.635097 8.194156
0.637483 8.194369
0.639869 8.194512
0.642255 8.194603
0.644640 8.194658
0.647026 8.194688
0.649412 8.194703
0.651798 8.194707



