# distance  frequency (bands are separated by blank lines)
# End points of segments: 
#   0.00000000 0.13774100 0.27548210 0.41322310 0.65179760 
0.000000 0.000000
0.001377 0.047789
0.002755 0.095568
0.004132 0.143328
0.005510 0.191058
0.006887 0.238750
0.008264 0.286393
0.009642 0.333978
0.011019 0.381496
0.012397 0.428936
0.013774 0.476290
0.015152 0.523548
0.016529 0.570700
0.017906 0.617738
0.019284 0.664652
0.020661 0.711432
0.022039 0.758071
0.023416 0.804559
0.024793 0.850888
0.026171 0.897048
0.027548 0.943031
0.028926 0.988829
0.030303 1.034433
0.031680 1.079836
0.033058 1.125028
0.034435 1.170003
0.035813 1.214752
0.037190 1.259269
0.038567 1.303545
0.039945 1.347573
0.041322 1.391347
0.042700 1.434859
0.044077 1.478102
0.045455 1.521071
0.046832 1.563759
0.048209 1.606159
0.049587 1.648267
0.050964 1.690075
0.052342 1.731579
0.053719 1.772773
0.055096 1.813653
0.056474 1.854212
0.057851 1.894448
0.059229 1.934355
0.060606 1.973928
0.061983 2.013165
0.063361 2.052061
0.064738 2.090613
0.066116 2.128817
0.067493 2.166671
0.068871 2.204171
0.070248 2.241315
0.071625 2.278101
0.073003 2.314527
0.074380 2.350590
0.075758 2.386290
0.077135 2.421624
0.078512 2.456591
0.079890 2.491191
0.081267 2.525423
0.082645 2.559286
0.084022 2.592780
0.085399 2.625905
0.086777 2.658662
0.088154 2.691050
0.089532 2.723071
0.090909 2.754725
0.092286 2.786013
0.093664 2.816936
0.095041 2.847497
0.096419 2.877697
0.097796 2.907537
0.099174 2.937020
0.100551 2.966148
0.101928 2.994923
0.103306 3.023349
0.104683 3.051427
0.106061 3.079161
0.107438 3.106554
0.108815 3.133609
0.110193 3.160330
0.111570 3.186721
0.112948 3.212784
0.114325 3.238524
0.115702 3.263944
0.117080 3.289049
0.118457 3.313843
0.119835 3.338330
0.121212 3.362515
0.122590 3.386401
0.123967 3.409994
0.125344 3.433297
0.126722 3.456316
0.128099 3.479055
0.129477 3.501518
0.130854 3.523711
0.132231 3.545638
0.133609 3.567305
0.134986 3.588714
0.136364 3.609872
0.137741 3.630783

0.137741 3.630783
0.139119 3.630224
0.140496 3.628554
0.141873 3.625786
0.143251 3.621944
0.144628 3.617063
0.146006 3.611182
0.147383 3.604348
0.148760 3.596615
0.150138 3.588038
0.151515 3.578680
0.152893 3.568601
0.154270 3.557866
0.155647 3.546537
0.157025 3.534679
0.158402 3.522353
0.159780 3.509620
0.161157 3.496538
0.162534 3.483165
0.163912 3.469554
0.165289 3.455757
0.166667 3.441825
0.168044 3.427803
0.169422 3.413738
0.170799 3.399671
0.172176 3.385643
0.173554 3.371691
0.174931 3.357852
0.176309 3.344160
0.177686 3.330647
0.179063 3.317343
0.180441 3.304277
0.181818 3.291477
0.183196 3.278966
0.184573 3.266771
0.185950 3.254912
0.187328 3.243412
0.188705 3.232290
0.190083 3.221565
0.191460 3.211255
0.192837 3.201375
0.194215 3.191940
0.195592 3.182965
0.196970 3.174462
0.198347 3.166442
0.199724 3.158917
0.201102 3.151895
0.202479 3.145384
0.203857 3.139393
0.205234 3.133927
0.206612 3.128992
0.207989 3.124591
0.209366 3.120729
0.210744 3.117406
0.212121 3.114625
0.213499 3.112386
0.214876 3.110688
0.216253 3.109529
0.217631 3.108907
0.219008 3.108819
0.220386 3.109260
0.221763 3.110226
0.223140 3.111711
0.224518 3.113708
0.225895 3.116209
0.227273 3.119208
0.228650 3.122694
0.230027 3.126660
0.231405 3.131094
0.232782 3.135987
0.234160 3.141328
0.235537 3.147104
0.236915 3.153305
0.238292 3.159917
0.239669 3.166929
0.241047 3.174327
0.242424 3.182097
0.243802 3.190227
0.245179 3.198702
0.246557 3.207510
0.247934 3.216634
0.249311 3.226063
0.250689 3.235781
0.252066 3.245775
0.253443 3.256030
0.254821 3.266533
0.256198 3.277269
0.257576 3.288225
0.258953 3.299388
0.260331 3.310743
0.261708 3.322278
0.263085 3.333980
0.264463 3.345837
0.265840 3.357836
0.267218 3.369966
0.268595 3.382214
0.269973 3.394570
0.271350 3.407024
0.272727 3.419564
0.274105 3.432182
0.275482 3.444867

0.275482 3.444867
0.276859 3.444844
0.278237 3.444774
0.279614 3.444657
0.280992 3.444494
0.282369 3.444285
0.283747 3.444030
0.285124 3.443729
0.286501 3.443383
0.287879 3.442991
0.289256 3.442555
0.290634 3.442074
0.292011 3.441549
0.293388 3.440981
0.294766 3.440369
0.296143 3.439716
0.297521 3.439020
0.298898 3.438284
0.300275 3.437507
0.301653 3.436691
0.303030 3.435836
0.304408 3.434942
0.305785 3.434012
0.307163 3.433045
0.308540 3.432043
0.309917 3.431007
0.311295 3.429937
0.312672 3.428835
0.314050 3.427701
0.315427 3.426537
0.316804 3.425344
0.318182 3.424123
0.319559 3.422876
0.320937 3.421602
0.322314 3.420305
0.323692 3.418984
0.325069 3.417641
0.326446 3.416278
0.327824 3.414896
0.329201 3.413495
0.330578 3.412079
0.331956 3.410647
0.333333 3.409201
0.334711 3.407743
0.336088 3.406274
0.337466 3.404796
0.338843 3.403309
0.340220 3.401816
0.341598 3.400318
0.342975 3.398817
0.344353 3.397313
0.345730 3.395808
0.347107 3.394305
0.348485 3.392803
0.349862 3.391306
0.351240 3.389813
0.352617 3.388328
0.353994 3.386851
0.355372 3.385383
0.356749 3.383927
0.358127 3.382483
0.359504 3.381053
0.360882 3.379639
0.362259 3.378241
0.363636 3.376862
0.365014 3.375503
0.366391 3.374164
0.367769 3.372848
0.369146 3.371556
0.370523 3.370289
0.371901 3.369048
0.373278 3.367835
0.374656 3.366650
0.376033 3.365496
0.377410 3.364372
0.378788 3.363281
0.380165 3.362224
0.381543 3.361201
0.382920 3.360213
0.384298 3.359262
0.385675 3.358348
0.387052 3.357473
0.388430 3.356637
0.389807 3.355842
0.391185 3.355087
0.392562 3.354374
0.393939 3.353704
0.395317 3.353077
0.396694 3.352493
0.398072 3.351954
0.399449 3.351460
0.400826 3.351012
0.402204 3.350610
0.403581 3.350254
0.404959 3.349944
0.406336 3.349682
0.407714 3.349467
0.409091 3.349299
0.410468 3.349180
0.411846 3.349108
0.413223 3.349084

0.413223 3.349084
0.415609 3.348695
0.417995 3.347531
0.420380 3.345593
0.422766 3.342889
0.425152 3.339425
0.427538 3.335210
0.429923 3.330256
0.432309 3.324576
0.434695 3.318184
0.437081 3.311095
0.439466 3.303326
0.441852 3.294893
0.444238 3.285813
0.446624 3.276104
0.449009 3.265783
0.451395 3.254865
0.453781 3.243367
0.456166 3.231302
0.458552 3.218683
0.460938 3.205521
0.463324 3.191826
0.465709 3.177603
0.468095 3.162857
0.470481 3.147590
0.472867 3.131800
0.475253 3.115485
0.477638 3.098638
0.480024 3.081248
0.482410 3.063305
0.484795 3.044792
0.487181 3.025693
0.489567 3.005989
0.491953 2.985655
0.494339 2.964670
0.496724 2.943007
0.499110 2.920638
0.501496 2.897536
0.503881 2.873671
0.506267 2.849014
0.508653 2.823535
0.511039 2.797206
0.513424 2.769997
0.515810 2.741881
0.518196 2.712833
0.520582 2.682827
0.522967 2.651841
0.525353 2.619857
0.527739 2.586856
0.530125 2.552825
0.532510 2.517752
0.534896 2.481631
0.537282 2.444457
0.539668 2.406229
0.542053 2.366952
0.544439 2.326634
0.546825 2.285285
0.549211 2.242920
0.551596 2.199561
0.553982 2.155228
0.556368 2.109950
0.558754 2.063757
0.561139 2.016683
0.563525 1.968766
0.565911 1.920044
0.568297 1.870562
0.570682 1.820364
0.573068 1.769499
0.575454 1.718015
0.577839 1.665964
0.580225 1.613398
0.582611 1.560369
0.584997 1.506931
0.587383 1.453136
0.589768 1.399037
0.592154 1.344686
0.594540 1.290133
0.596925 1.235428
0.599311 1.180617
0.601697 1.125745
0.604083 1.070853
0.606468 1.015980
0.608854 0.961161
0.611240 0.906429
0.613626 0.851810
0.616012 0.797329
0.618397 0.743005
0.620783 0.688853
0.623169 0.634884
0.625554 0.581105
0.627940 0.527519
0.630326 0.474122
0.632712 0.420909
0.635097 0.367871
0.637483 0.314993
0.639869 0.262260
0.642255 0.209652
0.644640 0.157146
0.647026 0.104719
0.649412 0.052346
0.651798 0.000000


0.000000 0.000000
0.001377 0.047789
0.002755 0.095568
0.004132 0.143328
0.005510 0.191058
0.006887 0.238750
0.008264 0.286393
0.009642 0.333978
0.011019 0.381496
0.012397 0.428936
0.013774 0.476290
0.015152 0.523548
0.016529 0.570700
0.017906 0.617738
0.019284 0.664652
0.020661 0.711432
0.022039 0.758071
0.023416 0.804559
0.024793 0.850888
0.026171 0.897048
0.027548 0.943031
0.028926 0.988829
0.030303 1.034433
0.031680 1.079836
0.033058 1.125028
0.034435 1.170003
0.035813 1.214752
0.037190 1.259269
0.038567 1.303545
0.039945 1.347573
0.041322 1.391347
0.042700 1.434859
0.044077 1.478102
0.045455 1.521071
0.046832 1.563759
0.048209 1.606159
0.049587 1.648267
0.050964 1.690075
0.052342 1.731579
0.053719 1.772773
0.055096 1.813653
0.056474 1.854212
0.057851 1.894448
0.059229 1.934355
0.060606 1.973928
0.061983 2.013165
0.063361 2.052061
0.064738 2.090613
0.066116 2.128817
0.067493 2.166671
0.068871 2.204171
0.070248 2.241315
0.071625 2.278101
0.073003 2.314527
0.074380 2.350590
0.075758 2.386290
0.077135 2.421624
0.078512 2.456591
0.079890 2.491191
0.081267 2.525423
0.082645 2.559286
0.084022 2.592780
0.085399 2.625905
0.086777 2.658662
0.088154 2.691050
0.089532 2.723071
0.090909 2.754725
0.092286 2.786013
0.093664 2.816936
0.095041 2.847497
0.096419 2.877697
0.097796 2.907537
0.099174 2.937020
0.100551 2.966148
0.101928 2.994923
0.103306 3.023349
0.104683 3.051427
0.106061 3.079161
0.107438 3.106554
0.108815 3.133609
0.110193 3.160330
0.111570 3.186721
0.112948 3.212784
0.114325 3.238524
0.115702 3.263944
0.117080 3.289049
0.118457 3.313843
0.119835 3.338330
0.121212 3.362515
0.122590 3.386401
0.123967 3.409994
0.125344 3.433297
0.126722 3.456316
0.128099 3.479055
0.129477 3.501518
0.130854 3.523711
0.132231 3.545638
0.133609 3.567305
0.134986 3.588714
0.136364 3.609872
0.137741 3.630783

0.137741 3.630783
0.139119 3.630224
0.140496 3.628554
0.141873 3.625786
0.143251 3.621944
0.144628 3.617063
0.146006 3.611182
0.147383 3.604348
0.148760 3.596615
0.150138 3.588038
0.151515 3.578680
0.152893 3.568601
0.154270 3.557866
0.155647 3.546537
0.157025 3.534679
0.158402 3.522353
0.159780 3.509620
0.161157 3.496538
0.162534 3.483165
0.163912 3.469554
0.165289 3.455757
0.166667 3.441825
0.168044 3.427803
0.169422 3.413738
0.170799 3.399671
0.172176 3.385643
0.173554 3.371691
0.174931 3.357852
0.176309 3.344160
0.177686 3.330647
0.179063 3.317343
0.180441 3.304277
0.181818 3.291477
0.183196 3.278966
0.184573 3.266771
0.185950 3.254912
0.187328 3.243412
0.188705 3.232290
0.190083 3.221565
0.191460 3.211255
0.192837 3.201375
0.194215 3.191940
0.195592 3.182965
0.196970 3.174462
0.198347 3.166442
0.199724 3.158917
0.201102 3.151895
0.202479 3.145384
0.203857 3.139393
0.205234 3.133927
0.206612 3.128992
0.207989 3.124591
0.209366 3.120729
0.210744 3.117406
0.212121 3.114625
0.213499 3.112386
0.214876 3.110688
0.216253 3.109529
0.217631 3.108907
0.219008 3.108819
0.220386 3.109260
0.221763 3.110226
0.223140 3.111711
0.224518 3.113708
0.225895 3.116209
0.227273 3.119208
0.228650 3.122694
0.230027 3.126660
0.231405 3.131094
0.232782 3.135987
0.234160 3.141328
0.235537 3.147104
0.236915 3.153305
0.238292 3.159917
0.239669 3.166929
0.241047 3.174327
0.242424 3.182097
0.243802 3.190227
0.245179 3.198702
0.246557 3.207510
0.247934 3.216634
0.249311 3.226063
0.250689 3.235781
0.252066 3.245775
0.253443 3.256030
0.254821 3.266533
0.256198 3.277269
0.257576 3.288225
0.258953 3.299388
0.260331 3.310743
0.261708 3.322278
0.263085 3.333980
0.264463 3.345837
0.265840 3.357836
0.267218 3.369966
0.268595 3.382214
0.269973 3.394570
0.271350 3.407024
0.272727 3.419564
0.274105 3.432182
0.275482 3.444867

0.275482 3.444867
0.276859 3.444844
0.278237 3.444774
0.279614 3.444657
0.280992 3.444494
0.282369 3.444285
0.283747 3.444030
0.285124 3.443729
0.286501 3.443383
0.287879 3.442991
0.289256 3.442555
0.290634 3.442074
0.292011 3.441549
0.293388 3.440981
0.294766 3.440369
0.296143 3.439716
0.297521 3.439020
0.298898 3.438284
0.300275 3.437507
0.301653 3.436691
0.303030 3.435836
0.304408 3.434942
0.305785 3.434012
0.307163 3.433045
0.308540 3.432043
0.309917 3.431007
0.311295 3.429937
0.312672 3.428835
0.314050 3.427701
0.315427 3.426537
0.316804 3.425344
0.318182 3.424123
0.319559 3.422876
0.320937 3.421602
0.322314 3.420305
0.323692 3.418984
0.325069 3.417641
0.326446 3.416278
0.327824 3.414896
0.329201 3.413495
0.330578 3.412079
0.331956 3.410647
0.333333 3.409201
0.334711 3.407743
0.336088 3.406274
0.337466 3.404796
0.338843 3.403309
0.340220 3.401816
0.341598 3.400318
0.342975 3.398817
0.344353 3.397313
0.345730 3.395808
0.347107 3.394305
0.348485 3.392803
0.349862 3.391306
0.351240 3.389813
0.352617 3.388328
0.353994 3.386851
0.355372 3.385383
0.356749 3.383927
0.358127 3.382483
0.359504 3.381053
0.360882 3.379639
0.362259 3.378241
0.363636 3.376862
0.365014 3.375503
0.366391 3.374164
0.367769 3.372848
0.369146 3.371556
0.370523 3.370289
0.371901 3.369048
0.373278 3.367835
0.374656 3.366650
0.376033 3.365496
0.377410 3.364372
0.378788 3.363281
0.380165 3.362224
0.381543 3.361201
0.382920 3.360213
0.384298 3.359262
0.385675 3.358348
0.387052 3.357473
0.388430 3.356637
0.389807 3.355842
0.391185 3.355087
0.392562 3.354374
0.393939 3.353704
0.395317 3.353077
0.396694 3.352493
0.398072 3.351954
0.399449 3.351460
0.400826 3.351012
0.402204 3.350610
0.403581 3.350254
0.404959 3.349944
0.406336 3.349682
0.407714 3.349467
0.409091 3.349299
0.410468 3.349180
0.411846 3.349108
0.413223 3.349084

0.413223 3.349084
0.415609 3.348695
0.417995 3.347531
0.420380 3.345593
0.422766 3.342889
0.425152 3.339425
0.427538 3.335210
0.429923 3.330256
0.432309 3.324576
0.434695 3.318184
0.437081 3.311095
0.439466 3.303326
0.441852 3.294893
0.444238 3.285813
0.446624 3.276104
0.449009 3.265783
0.451395 3.254865
0.453781 3.243367
0.456166 3.231302
0.458552 3.218683
0.460938 3.205521
0.463324 3.191826
0.465709 3.177603
0.468095 3.162857
0.470481 3.147590
0.472867 3.131800
0.475253 3.115485
0.477638 3.098638
0.480024 3.081248
0.482410 3.063305
0.484795 3.044792
0.487181 3.025693
0.489567 3.005989
0.491953 2.985655
0.494339 2.964670
0.496724 2.943007
0.499110 2.920638
0.501496 2.897536
0.503881 2.873671
0.506267 2.849014
0.508653 2.823535
0.511039 2.797206
0.513424 2.769997
0.515810 2.741881
0.518196 2.712833
0.520582 2.682827
0.522967 2.651841
0.525353 2.619857
0.527739 2.586856
0.530125 2.552825
0.532510 2.517752
0.534896 2.481631
0.537282 2.444457
0.539668 2.406229
0.542053 2.366952
0.544439 2.326634
0.546825 2.285285
0.549211 2.242920
0.551596 2.199561
0.553982 2.155228
0.556368 2.109950
0.558754 2.063757
0.561139 2.016683
0.563525 1.968766
0.565911 1.920044
0.568297 1.870562
0.570682 1.820364
0.573068 1.769499
0.575454 1.718015
0.577839 1.665964
0.580225 1.613398
0.582611 1.560369
0.584997 1.506931
0.587383 1.453136
0.589768 1.399037
0.592154 1.344686
0.594540 1.290133
0.596925 1.235428
0.599311 1.180617
0.601697 1.125745
0.604083 1.070853
0.606468 1.015980
0.608854 0.961161
0.611240 0.906429
0.613626 0.851810
0.616012 0.797329
0.618397 0.743005
0.620783 0.688853
0.623169 0.634884
0.625554 0.581105
0.627940 0.527519
0.630326 0.474122
0.632712 0.420909
0.635097 0.367871
0.637483 0.314993
0.639869 0.262260
0.642255 0.209652
0.644640 0.157146
0.647026 0.104719
0.649412 0.052346
0.651798 0.000000


0.000000 0.000000
0.001377 0.060852
0.002755 0.121692
0.004132 0.182508
0.005510 0.243286
0.006887 0.304016
0.008264 0.364686
0.009642 0.425282
0.011019 0.485793
0.012397 0.546208
0.013774 0.606514
0.015152 0.666699
0.016529 0.726753
0.017906 0.786663
0.019284 0.846419
0.020661 0.906009
0.022039 0.965421
0.023416 1.024646
0.024793 1.083673
0.026171 1.142491
0.027548 1.201089
0.028926 1.259458
0.030303 1.317587
0.031680 1.375468
0.033058 1.433091
0.034435 1.490446
0.035813 1.547525
0.037190 1.604318
0.038567 1.660819
0.039945 1.717018
0.041322 1.772907
0.042700 1.828480
0.044077 1.883729
0.045455 1.938646
0.046832 1.993226
0.048209 2.047463
0.049587 2.101349
0.050964 2.154880
0.052342 2.208050
0.053719 2.260855
0.055096 2.313289
0.056474 2.365348
0.057851 2.417030
0.059229 2.468329
0.060606 2.519242
0.061983 2.569768
0.063361 2.619903
0.064738 2.669645
0.066116 2.718993
0.067493 2.767945
0.068871 2.816500
0.070248 2.864657
0.071625 2.912416
0.073003 2.959777
0.074380 3.006741
0.075758 3.053308
0.077135 3.099479
0.078512 3.145256
0.079890 3.190640
0.081267 3.235633
0.082645 3.280239
0.084022 3.324459
0.085399 3.368297
0.086777 3.411756
0.088154 3.454840
0.089532 3.497553
0.090909 3.539898
0.092286 3.581881
0.093664 3.623506
0.095041 3.664779
0.096419 3.705704
0.097796 3.746287
0.099174 3.786534
0.100551 3.826450
0.101928 3.866042
0.103306 3.905316
0.104683 3.944279
0.106061 3.982936
0.107438 4.021296
0.108815 4.020571
0.110193 4.003876
0.111570 3.987016
0.112948 3.969986
0.114325 3.952785
0.115702 3.935410
0.117080 3.917857
0.118457 3.900124
0.119835 3.882206
0.121212 3.864101
0.122590 3.845804
0.123967 3.827313
0.125344 3.808623
0.126722 3.789731
0.128099 3.770631
0.129477 3.751321
0.130854 3.731795
0.132231 3.712050
0.133609 3.692080
0.134986 3.671882
0.136364 3.651452
0.137741 3.630783

0.137741 3.630783
0.139119 3.631024
0.140496 3.631746
0.141873 3.632949
0.143251 3.634630
0.144628 3.636786
0.146006 3.639415
0.147383 3.642512
0.148760 3.646072
0.150138 3.650089
0.151515 3.654558
0.152893 3.659470
0.154270 3.664819
0.155647 3.670596
0.157025 3.676793
0.158402 3.683400
0.159780 3.690406
0.161157 3.697803
0.162534 3.705578
0.163912 3.713721
0.165289 3.722219
0.166667 3.731061
0.168044 3.740235
0.169422 3.749727
0.170799 3.759525
0.172176 3.769616
0.173554 3.779987
0.174931 3.790623
0.176309 3.801512
0.177686 3.812640
0.179063 3.823993
0.180441 3.835558
0.181818 3.847321
0.183196 3.859269
0.184573 3.871388
0.185950 3.883665
0.187328 3.896087
0.188705 3.908641
0.190083 3.921314
0.191460 3.934094
0.192837 3.946969
0.194215 3.959926
0.195592 3.972955
0.196970 3.986043
0.198347 3.999180
0.199724 4.012355
0.201102 4.025558
0.202479 4.038779
0.203857 4.052009
0.205234 4.065238
0.206612 4.078459
0.207989 4.067680
0.209366 4.055326
0.210744 4.042941
0.212121 4.030528
0.213499 4.018090
0.214876 4.005632
0.216253 3.993154
0.217631 3.980660
0.219008 3.968152
0.220386 3.955630
0.221763 3.943097
0.223140 3.930553
0.224518 3.917998
0.225895 3.905434
0.227273 3.892860
0.228650 3.880276
0.230027 3.867682
0.231405 3.855077
0.232782 3.842461
0.234160 3.829833
0.235537 3.817192
0.236915 3.804536
0.238292 3.791866
0.239669 3.779180
0.241047 3.766477
0.242424 3.753756
0.243802 3.741017
0.245179 3.728259
0.246557 3.715481
0.247934 3.702683
0.249311 3.689865
0.250689 3.677027
0.252066 3.664170
0.253443 3.651294
0.254821 3.638400
0.256198 3.625491
0.257576 3.612567
0.258953 3.599630
0.260331 3.586685
0.261708 3.573733
0.263085 3.560778
0.264463 3.547824
0.265840 3.534875
0.267218 3.521937
0.268595 3.509015
0.269973 3.496115
0.271350 3.483242
0.272727 3.470405
0.274105 3.457611
0.275482 3.444867

0.275482 3.444867
0.276859 3.444844
0.278237 3.444774
0.279614 3.444657
0.280992 3.444494
0.282369 3.444285
0.283747 3.444030
0.285124 3.443729
0.286501 3.443383
0.287879 3.442991
0.289256 3.442555
0.290634 3.442074
0.292011 3.441549
0.293388 3.440981
0.294766 3.440369
0.296143 3.439716
0.297521 3.439020
0.298898 3.438284
0.300275 3.437507
0.301653 3.436691
0.303030 3.435836
0.304408 3.434942
0.305785 3.434012
0.307163 3.433045
0.308540 3.432043
0.309917 3.431007
0.311295 3.429937
0.312672 3.428835
0.314050 3.427701
0.315427 3.426537
0.316804 3.425344
0.318182 3.424123
0.319559 3.422876
0.320937 3.421602
0.322314 3.420305
0.323692 3.418984
0.325069 3.417641
0.326446 3.416278
0.327824 3.414896
0.329201 3.413495
0.330578 3.412079
0.331956 3.410647
0.333333 3.409201
0.334711 3.407743
0.336088 3.406274
0.337466 3.404796
0.338843 3.403309
0.340220 3.401816
0.341598 3.400318
0.342975 3.398817
0.344353 3.397313
0.345730 3.395808
0.347107 3.394305
0.348485 3.392803
0.349862 3.391306
0.351240 3.389813
0.352617 3.388328
0.353994 3.386851
0.355372 3.385383
0.356749 3.383927
0.358127 3.382483
0.359504 3.381053
0.360882 3.379639
0.362259 3.378241
0.363636 3.376862
0.365014 3.375503
0.366391 3.374164
0.367769 3.372848
0.369146 3.371556
0.370523 3.370289
0.371901 3.369048
0.373278 3.367835
0.374656 3.366650
0.376033 3.365496
0.377410 3.364372
0.378788 3.363281
0.380165 3.362224
0.381543 3.361201
0.382920 3.360213
0.384298 3.359262
0.385675 3.358348
0.387052 3.357473
0.388430 3.356637
0.389807 3.355842
0.391185 3.355087
0.392562 3.354374
0.393939 3.353704
0.395317 3.353077
0.396694 3.352493
0.398072 3.351954
0.399449 3.351460
0.400826 3.351012
0.402204 3.350610
0.403581 3.350254
0.404959 3.349944
0.406336 3.349682
0.407714 3.349467
0.409091 3.349299
0.410468 3.349180
0.411846 3.349108
0.413223 3.349084

0.413223 3.349084
0.415609 3.349102
0.417995 3.349160
0.420380 3.349265
0.422766 3.349428
0.425152 3.349666
0.427538 3.350001
0.429923 3.350457
0.432309 3.351063
0.434695 3.351854
0.437081 3.352863
0.439466 3.354131
0.441852 3.355698
0.444238 3.357608
0.446624 3.359904
0.449009 3.362631
0.451395 3.365837
0.453781 3.369565
0.456166 3.373860
0.458552 3.378766
0.460938 3.384324
0.463324 3.390572
0.465709 3.397548
0.468095 3.405285
0.470481 3.413811
0.472867 3.423152
0.475253 3.433329
0.477638 3.444360
0.480024 3.456255
0.482410 3.469021
0.484795 3.482662
0.487181 3.497175
0.489567 3.512551
0.491953 3.528780
0.494339 3.545844
0.496724 3.563722
0.499110 3.582389
0.501496 3.601818
0.503881 3.621975
0.506267 3.642825
0.508653 3.664332
0.511039 3.686454
0.513424 3.709149
0.515810 3.732375
0.518196 3.756086
0.520582 3.780237
0.522967 3.804781
0.525353 3.829672
0.527739 3.854864
0.530125 3.880311
0.532510 3.905968
0.534896 3.931790
0.537282 3.957734
0.539668 3.983758
0.542053 4.009821
0.544439 4.035882
0.546825 4.061905
0.549211 4.087851
0.551596 4.113685
0.553982 4.139374
0.556368 4.164885
0.558754 4.190186
0.561139 4.215249
0.563525 4.240043
0.565911 4.264543
0.568297 4.212334
0.570682 4.122542
0.573068 4.030651
0.575454 3.936645
0.577839 3.840514
0.580225 3.742255
0.582611 3.641869
0.584997 3.539364
0.587383 3.434753
0.589768 3.328055
0.592154 3.219295
0.594540 3.108503
0.596925 2.995715
0.599311 2.880972
0.601697 2.764319
0.604083 2.645809
0.606468 2.525496
0.608854 2.403442
0.611240 2.279712
0.613626 2.154375
0.616012 2.027505
0.618397 1.899178
0.620783 1.769475
0.623169 1.638481
0.625554 1.506283
0.627940 1.372971
0.630326 1.238638
0.632712 1.103378
0.635097 0.967290
0.637483 0.830473
0.639869 0.693027
0.642255 0.555056
0.644640 0.416662
0.647026 0.277952
0.649412 0.139029
0.651798 0.000000


0.000000 4.768339
0.001377 4.768194
0.002755 4.767757
0.004132 4.767029
0.005510 4.766011
0.006887 4.764703
0.008264 4.763105
0.009642 4.761219
0.011019 4.759045
0.012397 4.756585
0.013774 4.753840
0.015152 4.750811
0.016529 4.747499
0.017906 4.743907
0.019284 4.740037
0.020661 4.735889
0.022039 4.731466
0.023416 4.726771
0.024793 4.721805
0.026171 4.716572
0.027548 4.711073
0.028926 4.705311
0.030303 4.699288
0.031680 4.693008
0.033058 4.686474
0.034435 4.679688
0.035813 4.672653
0.037190 4.665372
0.038567 4.657850
0.039945 4.650088
0.041322 4.642089
0.042700 4.633859
0.044077 4.625398
0.045455 4.616712
0.046832 4.607803
0.048209 4.598674
0.049587 4.589329
0.050964 4.579772
0.052342 4.570005
0.053719 4.560033
0.055096 4.549858
0.056474 4.539483
0.057851 4.528912
0.059229 4.518148
0.060606 4.507194
0.061983 4.496054
0.063361 4.484730
0.064738 4.473224
0.066116 4.461541
0.067493 4.449682
0.068871 4.437651
0.070248 4.425449
0.071625 4.413080
0.073003 4.400545
0.074380 4.387847
0.075758 4.374988
0.077135 4.361969
0.078512 4.348793
0.079890 4.335461
0.081267 4.321974
0.082645 4.308334
0.084022 4.294543
0.085399 4.280600
0.086777 4.266507
0.088154 4.252264
0.089532 4.237873
0.090909 4.223332
0.092286 4.208643
0.093664 4.193805
0.095041 4.178819
0.096419 4.163682
0.097796 4.148396
0.099174 4.132959
0.100551 4.117370
0.101928 4.101628
0.103306 4.085732
0.104683 4.069680
0.106061 4.053471
0.107438 4.037102
0.108815 4.020571
0.110193 4.003876
0.111570 3.987016
0.112948 3.969986
0.114325 3.952785
0.115702 3.935410
0.117080 3.917857
0.118457 3.900124
0.119835 3.882206
0.121212 3.864101
0.122590 3.845804
0.123967 3.827313
0.125344 3.808623
0.126722 3.789731
0.128099 3.770631
0.129477 3.751321
0.130854 3.731795
0.132231 3.712050
0.133609 3.692080
0.134986 3.671882
0.136364 3.651452
0.137741 3.630783

0.137741 3.630783
0.139119 3.631024
0.140496 3.631746
0.141873 3.632949
0.143251 3.634630
0.144628 3.636786
0.146006 3.639415
0.147383 3.642512
0.148760 3.646072
0.150138 3.650089
0.151515 3.654558
0.152893 3.659470
0.154270 3.664819
0.155647 3.670596
0.157025 3.676793
0.158402 3.683400
0.159780 3.690406
0.161157 3.697803
0.162534 3.705578
0.163912 3.713721
0.165289 3.722219
0.166667 3.731061
0.168044 3.740235
0.169422 3.749727
0.170799 3.759525
0.172176 3.769616
0.173554 3.779987
0.174931 3.790623
0.176309 3.801512
0.177686 3.812640
0.179063 3.823993
0.180441 3.835558
0.181818 3.847321
0.183196 3.859269
0.184573 3.871388
0.185950 3.883665
0.187328 3.896087
0.188705 3.908641
0.190083 3.921314
0.191460 3.934094
0.192837 3.946969
0.194215 3.959926
0.195592 3.972955
0.196970 3.986043
0.198347 3.999180
0.199724 4.012355
0.201102 4.025558
0.202479 4.038779
0.203857 4.052009
0.205234 4.065238
0.206612 4.078459
0.207989 4.067680
0.209366 4.055326
0.210744 4.042941
0.212121 4.030528
0.213499 4.018090
0.214876 4.005632
0.216253 3.993154
0.217631 3.980660
0.219008 3.968152
0.220386 3.955630
0.221763 3.943097
0.223140 3.930553
0.224518 3.917998
0.225895 3.905434
0.227273 3.892860
0.228650 3.880276
0.230027 3.867682
0.231405 3.855077
0.232782 3.842461
0.234160 3.829833
0.235537 3.817192
0.236915 3.804536
0.238292 3.791866
0.239669 3.779180
0.241047 3.766477
0.242424 3.753756
0.243802 3.741017
0.245179 3.728259
0.246557 3.715481
0.247934 3.702683
0.249311 3.689865
0.250689 3.677027
0.252066 3.664170
0.253443 3.651294
0.254821 3.638400
0.256198 3.625491
0.257576 3.612567
0.258953 3.599630
0.260331 3.586685
0.261708 3.573733
0.263085 3.560778
0.264463 3.547824
0.265840 3.534875
0.267218 3.521937
0.268595 3.509015
0.269973 3.496115
0.271350 3.483242
0.272727 3.470405
0.274105 3.457611
0.275482 3.444867

0.275482 3.444867
0.276859 3.444844
0.278237 3.444774
0.279614 3.444657
0.280992 3.444494
0.282369 3.444285
0.283747 3.444030
0.285124 3.443729
0.286501 3.443383
0.287879 3.442991
0.289256 3.442555
0.290634 3.442074
0.292011 3.441549
0.293388 3.440981
0.294766 3.440369
0.296143 3.439716
0.297521 3.439020
0.298898 3.438284
0.300275 3.437507
0.301653 3.436691
0.303030 3.435836
0.304408 3.434942
0.305785 3.434012
0.307163 3.433045
0.308540 3.432043
0.309917 3.431007
0.311295 3.429937
0.312672 3.428835
0.314050 3.427701
0.315427 3.426537
0.316804 3.425344
0.318182 3.424123
0.319559 3.422876
0.320937 3.421602
0.322314 3.420305
0.323692 3.418984
0.325069 3.417641
0.326446 3.416278
0.327824 3.414896
0.329201 3.413495
0.330578 3.412079
0.331956 3.410647
0.333333 3.409201
0.334711 3.407743
0.336088 3.406274
0.337466 3.404796
0.338843 3.403309
0.340220 3.401816
0.341598 3.400318
0.342975 3.398817
0.344353 3.397313
0.345730 3.395808
0.347107 3.394305
0.348485 3.392803
0.349862 3.391306
0.351240 3.389813
0.352617 3.388328
0.353994 3.386851
0.355372 3.385383
0.356749 3.383927
0.358127 3.382483
0.359504 3.381053
0.360882 3.379639
0.362259 3.378241
0.363636 3.376862
0.365014 3.375503
0.366391 3.374164
0.367769 3.372848
0.369146 3.371556
0.370523 3.370289
0.371901 3.369048
0.373278 3.367835
0.374656 3.366650
0.376033 3.365496
0.377410 3.364372
0.378788 3.363281
0.380165 3.362224
0.381543 3.361201
0.382920 3.360213
0.384298 3.359262
0.385675 3.358348
0.387052 3.357473
0.388430 3.356637
0.389807 3.355842
0.391185 3.355087
0.392562 3.354374
0.393939 3.353704
0.395317 3.353077
0.396694 3.352493
0.398072 3.351954
0.399449 3.351460
0.400826 3.351012
0.402204 3.350610
0.403581 3.350254
0.404959 3.349944
0.406336 3.349682
0.407714 3.349467
0.409091 3.349299
0.410468 3.349180
0.411846 3.349108
0.413223 3.349084

0.413223 3.349084
0.415609 3.349102
0.417995 3.349160
0.420380 3.349265
0.422766 3.349428
0.425152 3.349666
0.427538 3.350001
0.429923 3.350457
0.432309 3.351063
0.434695 3.351854
0.437081 3.352863
0.439466 3.354131
0.441852 3.355698
0.444238 3.357608
0.446624 3.359904
0.449009 3.362631
0.451395 3.365837
0.453781 3.369565
0.456166 3.373860
0.458552 3.378766
0.460938 3.384324
0.463324 3.390572
0.465709 3.397548
0.468095 3.405285
0.470481 3.413811
0.472867 3.423152
0.475253 3.433329
0.477638 3.444360
0.480024 3.456255
0.482410 3.469021
0.484795 3.482662
0.487181 3.497175
0.489567 3.512551
0.491953 3.528780
0.494339 3.545844
0.496724 3.563722
0.499110 3.582389
0.501496 3.601818
0.503881 3.621975
0.506267 3.642825
0.508653 3.664332
0.511039 3.686454
0.513424 3.709149
0.515810 3.732375
0.518196 3.756086
0.520582 3.780237
0.522967 3.804781
0.525353 3.829672
0.527739 3.854864
0.530125 3.880311
0.532510 3.905968
0.534896 3.931790
0.537282 3.957734
0.539668 3.983758
0.542053 4.009821
0.544439 4.035882
0.546825 4.061905
0.549211 4.087851
0.551596 4.113685
0.553982 4.139374
0.556368 4.164885
0.558754 4.190186
0.561139 4.215249
0.563525 4.240043
0.565911 4.264543
0.568297 4.288721
0.570682 4.312551
0.573068 4.336010
0.575454 4.359074
0.577839 4.381719
0.580225 4.403924
0.582611 4.425665
0.584997 4.446922
0.587383 4.467673
0.589768 4.487898
0.592154 4.507576
0.594540 4.526687
0.596925 4.545210
0.599311 4.563126
0.601697 4.580415
0.604083 4.597057
0.606468 4.613034
0.608854 4.628326
0.611240 4.642915
0.613626 4.656783
0.616012 4.669912
0.618397 4.682284
0.620783 4.693884
0.623169 4.704694
0.625554 4.714701
0.627940 4.723889
0.630326 4.732245
0.632712 4.739756
0.635097 4.746412
0.637483 4.752201
0.639869 4.757116
0.642255 4.761148
0.644640 4.764290
0.647026 4.766538
0.649412 4.767889
0.651798 4.768339


0.000000 4.768339
0.001377 4.768194
0.002755 4.767757
0.004132 4.767029
0.005510 4.766011
0.006887 4.764703
0.008264 4.763105
0.009642 4.761219
0.011019 4.759045
0.012397 4.756585
0.013774 4.753840
0.015152 4.750811
0.016529 4.747499
0.017906 4.743907
0.019284 4.740037
0.020661 4.735889
0.022039 4.731466
0.023416 4.726771
0.024793 4.721805
0.026171 4.716572
0.027548 4.711073
0.028926 4.705311
0.030303 4.699288
0.031680 4.693008
0.033058 4.686474
0.034435 4.679688
0.035813 4.672653
0.037190 4.665372
0.038567 4.657850
0.039945 4.650088
0.041322 4.642089
0.042700 4.633859
0.044077 4.625398
0.045455 4.616712
0.046832 4.607803
0.048209 4.598674
0.049587 4.589329
0.050964 4.579772
0.052342 4.570005
0.053719 4.560033
0.055096 4.549858
0.056474 4.539483
0.057851 4.528912
0.059229 4.518148
0.060606 4.507194
0.061983 4.496054
0.063361 4.484730
0.064738 4.473224
0.066116 4.461541
0.067493 4.449682
0.068871 4.437651
0.070248 4.425449
0.071625 4.413080
0.073003 4.400545
0.074380 4.387847
0.075758 4.374988
0.077135 4.361969
0.078512 4.348793
0.079890 4.335461
0.081267 4.321974
0.082645 4.308334
0.084022 4.294543
0.085399 4.280600
0.086777 4.266507
0.088154 4.252264
0.089532 4.237873
0.090909 4.223332
0.092286 4.208643
0.093664 4.193805
0.095041 4.178819
0.096419 4.163682
0.097796 4.148396
0.099174 4.132959
0.100551 4.117370
0.101928 4.101628
0.103306 4.085732
0.104683 4.069680
0.106061 4.053471
0.107438 4.037102
0.108815 4.059364
0.110193 4.097148
0.111570 4.134654
0.112948 4.171890
0.114325 4.208863
0.115702 4.245581
0.117080 4.282049
0.118457 4.318277
0.119835 4.354270
0.121212 4.390036
0.122590 4.425583
0.123967 4.460917
0.125344 4.483501
0.126722 4.482258
0.128099 4.481159
0.129477 4.480203
0.130854 4.479392
0.132231 4.478728
0.133609 4.478211
0.134986 4.477841
0.136364 4.477619
0.137741 4.477545

0.137741 4.477545
0.139119 4.477336
0.140496 4.476710
0.141873 4.475668
0.143251 4.474212
0.144628 4.472343
0.146006 4.470066
0.147383 4.467382
0.148760 4.464297
0.150138 4.460815
0.151515 4.456941
0.152893 4.452682
0.154270 4.448043
0.155647 4.443032
0.157025 4.437655
0.158402 4.431921
0.159780 4.425837
0.161157 4.419412
0.162534 4.412655
0.163912 4.405575
0.165289 4.398182
0.166667 4.390484
0.168044 4.382493
0.169422 4.374217
0.170799 4.365667
0.172176 4.356854
0.173554 4.347787
0.174931 4.338478
0.176309 4.328936
0.177686 4.319173
0.179063 4.309197
0.180441 4.299021
0.181818 4.288654
0.183196 4.278106
0.184573 4.267388
0.185950 4.256508
0.187328 4.245478
0.188705 4.234306
0.190083 4.223001
0.191460 4.211573
0.192837 4.200031
0.194215 4.188382
0.195592 4.176635
0.196970 4.164798
0.198347 4.152878
0.199724 4.140882
0.201102 4.128818
0.202479 4.116692
0.203857 4.104510
0.205234 4.092277
0.206612 4.079999
0.207989 4.091663
0.209366 4.104841
0.210744 4.117988
0.212121 4.131097
0.213499 4.144160
0.214876 4.157173
0.216253 4.170129
0.217631 4.183025
0.219008 4.195855
0.220386 4.208616
0.221763 4.221304
0.223140 4.233916
0.224518 4.246451
0.225895 4.258905
0.227273 4.271278
0.228650 4.283568
0.230027 4.295775
0.231405 4.307898
0.232782 4.319938
0.234160 4.331896
0.235537 4.343772
0.236915 4.355569
0.238292 4.367288
0.239669 4.378931
0.241047 4.390502
0.242424 4.402003
0.243802 4.413437
0.245179 4.424809
0.246557 4.436123
0.247934 4.447382
0.249311 4.458592
0.250689 4.469757
0.252066 4.480883
0.253443 4.491975
0.254821 4.503038
0.256198 4.514079
0.257576 4.525102
0.258953 4.536115
0.260331 4.547124
0.261708 4.558134
0.263085 4.569152
0.264463 4.580185
0.265840 4.591240
0.267218 4.602321
0.268595 4.613437
0.269973 4.624594
0.271350 4.635798
0.272727 4.647055
0.274105 4.658371
0.275482 4.669754

0.275482 4.669754
0.276859 4.669068
0.278237 4.667015
0.279614 4.663612
0.280992 4.658884
0.282369 4.652865
0.283747 4.645599
0.285124 4.637134
0.286501 4.627526
0.287879 4.616835
0.289256 4.605121
0.290634 4.592450
0.292011 4.578884
0.293388 4.564490
0.294766 4.549329
0.296143 4.533464
0.297521 4.516953
0.298898 4.499855
0.300275 4.482224
0.301653 4.464111
0.303030 4.445567
0.304408 4.426636
0.305785 4.407363
0.307163 4.387789
0.308540 4.367953
0.309917 4.347891
0.311295 4.327636
0.312672 4.307221
0.314050 4.286675
0.315427 4.266026
0.316804 4.245302
0.318182 4.224526
0.319559 4.203721
0.320937 4.182911
0.322314 4.162115
0.323692 4.141353
0.325069 4.120643
0.326446 4.100004
0.327824 4.079450
0.329201 4.058999
0.330578 4.038665
0.331956 4.018462
0.333333 3.998404
0.334711 3.978503
0.336088 3.958771
0.337466 3.939222
0.338843 3.919864
0.340220 3.900710
0.341598 3.881770
0.342975 3.863053
0.344353 3.844568
0.345730 3.826326
0.347107 3.808333
0.348485 3.790600
0.349862 3.773134
0.351240 3.755942
0.352617 3.739032
0.353994 3.722411
0.355372 3.706086
0.356749 3.690064
0.358127 3.674351
0.359504 3.658953
0.360882 3.643877
0.362259 3.629127
0.363636 3.614709
0.365014 3.600629
0.366391 3.586892
0.367769 3.573502
0.369146 3.560464
0.370523 3.547783
0.371901 3.535464
0.373278 3.523510
0.374656 3.511925
0.376033 3.500713
0.377410 3.489879
0.378788 3.479424
0.380165 3.469354
0.381543 3.459670
0.382920 3.450377
0.384298 3.441477
0.385675 3.432973
0.387052 3.424867
0.388430 3.417162
0.389807 3.409860
0.391185 3.402964
0.392562 3.396475
0.393939 3.390396
0.395317 3.384729
0.396694 3.379474
0.398072 3.374635
0.399449 3.370211
0.400826 3.366205
0.402204 3.362617
0.403581 3.359449
0.404959 3.356701
0.406336 3.354375
0.407714 3.352471
0.409091 3.350989
0.410468 3.349931
0.411846 3.349296
0.413223 3.349084

0.413223 3.349084
0.415609 3.349102
0.417995 3.349160
0.420380 3.349265
0.422766 3.349428
0.425152 3.349666
0.427538 3.350001
0.429923 3.350457
0.432309 3.351063
0.434695 3.351854
0.437081 3.352863
0.439466 3.354131
0.441852 3.355698
0.444238 3.357608
0.446624 3.359904
0.449009 3.362631
0.451395 3.365837
0.453781 3.369565
0.456166 3.373860
0.458552 3.378766
0.460938 3.384324
0.463324 3.390572
0.465709 3.397548
0.468095 3.405285
0.470481 3.413811
0.472867 3.423152
0.475253 3.433329
0.477638 3.444360
0.480024 3.456255
0.482410 3.469021
0.484795 3.482662
0.487181 3.497175
0.489567 3.512551
0.491953 3.528780
0.494339 3.545844
0.496724 3.563722
0.499110 3.582389
0.501496 3.601818
0.503881 3.621975
0.506267 3.642825
0.508653 3.664332
0.511039 3.686454
0.513424 3.709149
0.515810 3.732375
0.518196 3.756086
0.520582 3.780237
0.522967 3.804781
0.525353 3.829672
0.527739 3.854864
0.530125 3.880311
0.532510 3.905968
0.534896 3.931790
0.537282 3.957734
0.539668 3.983758
0.542053 4.009821
0.544439 4.035882
0.546825 4.061905
0.549211 4.087851
0.551596 4.113685
0.553982 4.139374
0.556368 4.164885
0.558754 4.190186
0.561139 4.215249
0.563525 4.240043
0.565911 4.264543
0.568297 4.288721
0.570682 4.312551
0.573068 4.336010
0.575454 4.359074
0.577839 4.381719
0.580225 4.403924
0.582611 4.425665
0.584997 4.446922
0.587383 4.467673
0.589768 4.487898
0.592154 4.507576
0.594540 4.526687
0.596925 4.545210
0.599311 4.563126
0.601697 4.580415
0.604083 4.597057
0.606468 4.613034
0.608854 4.628326
0.611240 4.642915
0.613626 4.656783
0.616012 4.669912
0.618397 4.682284
0.620783 4.693884
0.623169 4.704694
0.625554 4.714701
0.627940 4.723889
0.630326 4.732245
0.632712 4.739756
0.635097 4.746412
0.637483 4.752201
0.639869 4.757116
0.642255 4.761148
0.644640 4.764290
0.647026 4.766538
0.649412 4.767889
0.651798 4.768339


0.000000 4.768339
0.001377 4.768270
0.002755 4.768061
0.004132 4.767714
0.005510 4.767228
0.006887 4.766603
0.008264 4.765842
0.009642 4.764943
0.011019 4.763909
0.012397 4.762739
0.013774 4.761435
0.015152 4.759998
0.016529 4.758430
0.017906 4.756732
0.019284 4.754904
0.020661 4.752950
0.022039 4.750871
0.023416 4.748668
0.024793 4.746344
0.026171 4.743901
0.027548 4.741341
0.028926 4.738666
0.030303 4.735879
0.031680 4.732983
0.033058 4.729979
0.034435 4.726872
0.035813 4.723663
0.037190 4.720355
0.038567 4.716952
0.039945 4.713457
0.041322 4.709873
0.042700 4.706204
0.044077 4.702452
0.045455 4.698622
0.046832 4.694717
0.048209 4.690740
0.049587 4.686696
0.050964 4.682588
0.052342 4.678420
0.053719 4.674196
0.055096 4.669920
0.056474 4.665596
0.057851 4.661229
0.059229 4.656822
0.060606 4.652379
0.061983 4.647906
0.063361 4.643406
0.064738 4.638884
0.066116 4.634344
0.067493 4.629790
0.068871 4.625228
0.070248 4.620661
0.071625 4.616094
0.073003 4.611531
0.074380 4.606978
0.075758 4.602438
0.077135 4.597916
0.078512 4.593417
0.079890 4.588945
0.081267 4.584504
0.082645 4.580100
0.084022 4.575736
0.085399 4.571417
0.086777 4.567147
0.088154 4.562932
0.089532 4.558774
0.090909 4.554679
0.092286 4.550650
0.093664 4.546692
0.095041 4.542808
0.096419 4.539004
0.097796 4.535282
0.099174 4.531647
0.100551 4.528103
0.101928 4.524652
0.103306 4.521300
0.104683 4.518048
0.106061 4.514902
0.107438 4.511863
0.108815 4.508936
0.110193 4.506124
0.111570 4.503428
0.112948 4.500853
0.114325 4.498401
0.115702 4.496075
0.117080 4.493877
0.118457 4.491809
0.119835 4.489874
0.121212 4.488074
0.122590 4.486411
0.123967 4.484886
0.125344 4.483501
0.126722 4.482258
0.128099 4.481159
0.129477 4.480203
0.130854 4.479392
0.132231 4.478728
0.133609 4.478211
0.134986 4.477841
0.136364 4.477619
0.137741 4.477545

0.137741 4.477545
0.139119 4.477336
0.140496 4.476710
0.141873 4.475668
0.143251 4.474212
0.144628 4.472343
0.146006 4.470066
0.147383 4.467382
0.148760 4.464297
0.150138 4.460815
0.151515 4.456941
0.152893 4.452682
0.154270 4.448043
0.155647 4.443032
0.157025 4.437655
0.158402 4.431921
0.159780 4.425837
0.161157 4.419412
0.162534 4.412655
0.163912 4.405575
0.165289 4.398182
0.166667 4.390484
0.168044 4.382493
0.169422 4.374217
0.170799 4.365667
0.172176 4.356854
0.173554 4.347787
0.174931 4.338478
0.176309 4.328936
0.177686 4.319173
0.179063 4.309197
0.180441 4.299021
0.181818 4.288654
0.183196 4.278106
0.184573 4.267388
0.185950 4.256508
0.187328 4.245478
0.188705 4.234306
0.190083 4.223001
0.191460 4.211573
0.192837 4.200031
0.194215 4.188382
0.195592 4.176635
0.196970 4.164798
0.198347 4.152878
0.199724 4.140882
0.201102 4.128818
0.202479 4.116692
0.203857 4.104510
0.205234 4.092277
0.206612 4.079999
0.207989 4.091663
0.209366 4.104841
0.210744 4.117988
0.212121 4.131097
0.213499 4.144160
0.214876 4.157173
0.216253 4.170129
0.217631 4.183025
0.219008 4.195855
0.220386 4.208616
0.221763 4.221304
0.223140 4.233916
0.224518 4.246451
0.225895 4.258905
0.227273 4.271278
0.228650 4.283568
0.230027 4.295775
0.231405 4.307898
0.232782 4.319938
0.234160 4.331896
0.235537 4.343772
0.236915 4.355569
0.238292 4.367288
0.239669 4.378931
0.241047 4.390502
0.242424 4.402003
0.243802 4.413437
0.245179 4.424809
0.246557 4.436123
0.247934 4.447382
0.249311 4.458592
0.250689 4.469757
0.252066 4.480883
0.253443 4.491975
0.254821 4.503038
0.256198 4.514079
0.257576 4.525102
0.258953 4.536115
0.260331 4.547124
0.261708 4.558134
0.263085 4.569152
0.264463 4.580185
0.265840 4.591240
0.267218 4.602321
0.268595 4.613437
0.269973 4.624594
0.271350 4.635798
0.272727 4.647055
0.274105 4.658371
0.275482 4.669754

0.275482 4.669754
0.276859 4.669068
0.278237 4.667015
0.279614 4.663612
0.280992 4.658884
0.282369 4.652865
0.283747 4.645599
0.285124 4.637134
0.286501 4.627526
0.287879 4.616835
0.289256 4.605121
0.290634 4.592450
0.292011 4.578884
0.293388 4.564490
0.294766 4.549329
0.296143 4.533464
0.297521 4.516953
0.298898 4.499855
0.300275 4.482224
0.301653 4.464111
0.303030 4.445567
0.304408 4.426636
0.305785 4.407363
0.307163 4.387789
0.308540 4.367953
0.309917 4.347891
0.311295 4.327636
0.312672 4.307221
0.314050 4.286675
0.315427 4.266026
0.316804 4.245302
0.318182 4.224526
0.319559 4.203721
0.320937 4.182911
0.322314 4.162115
0.323692 4.141353
0.325069 4.120643
0.326446 4.100004
0.327824 4.079450
0.329201 4.058999
0.330578 4.038665
0.331956 4.018462
0.333333 3.998404
0.334711 3.978503
0.336088 3.958771
0.337466 3.939222
0.338843 3.919864
0.340220 3.900710
0.341598 3.881770
0.342975 3.863053
0.344353 3.844568
0.345730 3.826326
0.347107 3.808333
0.348485 3.790600
0.349862 3.773134
0.351240 3.755942
0.352617 3.739032
0.353994 3.722411
0.355372 3.706086
0.356749 3.690064
0.358127 3.674351
0.359504 3.658953
0.360882 3.643877
0.362259 3.629127
0.363636 3.614709
0.365014 3.600629
0.366391 3.586892
0.367769 3.573502
0.369146 3.560464
0.370523 3.547783
0.371901 3.535464
0.373278 3.523510
0.374656 3.511925
0.376033 3.500713
0.377410 3.489879
0.378788 3.479424
0.380165 3.469354
0.381543 3.459670
0.382920 3.450377
0.384298 3.441477
0.385675 3.432973
0.387052 3.424867
0.388430 3.417162
0.389807 3.409860
0.391185 3.402964
0.392562 3.396475
0.393939 3.390396
0.395317 3.384729
0.396694 3.379474
0.398072 3.374635
0.399449 3.370211
0.400826 3.366205
0.402204 3.362617
0.403581 3.359449
0.404959 3.356701
0.406336 3.354375
0.407714 3.352471
0.409091 3.350989
0.410468 3.349931
0.411846 3.349296
0.413223 3.349084

0.413223 3.349084
0.415609 3.350267
0.417995 3.353810
0.420380 3.359693
0.422766 3.367882
0.425152 3.378331
0.427538 3.390982
0.429923 3.405769
0.432309 3.422613
0.434695 3.441428
0.437081 3.462122
0.439466 3.484597
0.441852 3.508752
0.444238 3.534481
0.446624 3.561679
0.449009 3.590239
0.451395 3.620057
0.453781 3.651030
0.456166 3.683056
0.458552 3.716039
0.460938 3.749887
0.463324 3.784508
0.465709 3.819820
0.468095 3.855742
0.470481 3.892198
0.472867 3.929117
0.475253 3.966431
0.477638 4.004077
0.480024 4.041993
0.482410 4.080121
0.484795 4.118404
0.487181 4.156786
0.489567 4.195211
0.491953 4.233624
0.494339 4.271967
0.496724 4.310180
0.499110 4.348200
0.501496 4.385962
0.503881 4.423393
0.506267 4.460418
0.508653 4.496952
0.511039 4.532907
0.513424 4.568184
0.515810 4.602681
0.518196 4.636284
0.520582 4.668875
0.522967 4.700327
0.525353 4.730511
0.527739 4.759290
0.530125 4.786530
0.532510 4.812098
0.534896 4.835866
0.537282 4.857716
0.539668 4.877547
0.542053 4.895275
0.544439 4.910841
0.546825 4.924214
0.549211 4.858696
0.551596 4.784514
0.553982 4.708540
0.556368 4.630721
0.558754 4.551006
0.561139 4.469349
0.563525 4.385708
0.565911 4.300047
0.568297 4.288721
0.570682 4.312551
0.573068 4.336010
0.575454 4.359074
0.577839 4.381719
0.580225 4.403924
0.582611 4.425665
0.584997 4.446922
0.587383 4.467673
0.589768 4.487898
0.592154 4.507576
0.594540 4.526687
0.596925 4.545210
0.599311 4.563126
0.601697 4.580415
0.604083 4.597057
0.606468 4.613034
0.608854 4.628326
0.611240 4.642915
0.613626 4.656783
0.616012 4.669912
0.618397 4.682284
0.620783 4.693884
0.623169 4.704694
0.625554 4.714701
0.627940 4.723889
0.630326 4.732245
0.632712 4.739756
0.635097 4.746412
0.637483 4.752201
0.639869 4.757116
0.642255 4.761148
0.644640 4.764290
0.647026 4.766538
0.649412 4.767889
0.651798 4.768339


0.000000 4.768339
0.001377 4.768270
0.002755 4.768061
0.004132 4.767714
0.005510 4.767228
0.006887 4.766603
0.008264 4.765842
0.009642 4.764943
0.011019 4.763909
0.012397 4.762739
0.013774 4.761435
0.015152 4.759998
0.016529 4.758430
0.017906 4.756732
0.019284 4.754904
0.020661 4.752950
0.022039 4.750871
0.023416 4.748668
0.024793 4.746344
0.026171 4.743901
0.027548 4.741341
0.028926 4.738666
0.030303 4.735879
0.031680 4.732983
0.033058 4.729979
0.034435 4.726872
0.035813 4.723663
0.037190 4.720355
0.038567 4.716952
0.039945 4.713457
0.041322 4.709873
0.042700 4.706204
0.044077 4.702452
0.045455 4.698622
0.046832 4.694717
0.048209 4.690740
0.049587 4.686696
0.050964 4.682588
0.052342 4.678420
0.053719 4.674196
0.055096 4.669920
0.056474 4.665596
0.057851 4.661229
0.059229 4.656822
0.060606 4.652379
0.061983 4.647906
0.063361 4.643406
0.064738 4.638884
0.066116 4.634344
0.067493 4.629790
0.068871 4.625228
0.070248 4.620661
0.071625 4.616094
0.073003 4.611531
0.074380 4.606978
0.075758 4.602438
0.077135 4.597916
0.078512 4.593417
0.079890 4.588945
0.081267 4.584504
0.082645 4.580100
0.084022 4.575736
0.085399 4.571417
0.086777 4.567147
0.088154 4.562932
0.089532 4.558774
0.090909 4.554679
0.092286 4.550650
0.093664 4.546692
0.095041 4.542808
0.096419 4.539004
0.097796 4.535282
0.099174 4.531647
0.100551 4.528103
0.101928 4.524652
0.103306 4.521300
0.104683 4.518048
0.106061 4.514902
0.107438 4.511863
0.108815 4.508936
0.110193 4.506124
0.111570 4.503428
0.112948 4.500853
0.114325 4.498401
0.115702 4.496075
0.117080 4.493877
0.118457 4.491809
0.119835 4.489874
0.121212 4.488074
0.122590 4.486411
0.123967 4.484886
0.125344 4.496045
0.126722 4.530975
0.128099 4.565713
0.129477 4.600266
0.130854 4.634641
0.132231 4.668843
0.133609 4.702880
0.134986 4.736756
0.136364 4.770479
0.137741 4.804053

0.137741 4.804053
0.139119 4.804701
0.140496 4.806640
0.141873 4.809855
0.143251 4.814322
0.144628 4.820010
0.146006 4.826877
0.147383 4.834878
0.148760 4.843960
0.150138 4.854068
0.151515 4.865141
0.152893 4.877119
0.154270 4.889940
0.155647 4.903541
0.157025 4.917861
0.158402 4.932839
0.159780 4.948416
0.161157 4.964534
0.162534 4.981140
0.163912 4.998181
0.165289 5.015606
0.166667 5.033368
0.168044 5.051422
0.169422 5.069725
0.170799 5.088236
0.172176 5.106918
0.173554 5.125735
0.174931 5.144652
0.176309 5.163638
0.177686 5.182662
0.179063 5.201697
0.180441 5.220714
0.181818 5.239689
0.183196 5.258597
0.184573 5.277417
0.185950 5.296127
0.187328 5.314708
0.188705 5.333139
0.190083 5.351404
0.191460 5.369486
0.192837 5.387368
0.194215 5.405036
0.195592 5.422477
0.196970 5.439676
0.198347 5.456622
0.199724 5.449439
0.201102 5.434296
0.202479 5.419043
0.203857 5.403692
0.205234 5.388255
0.206612 5.372742
0.207989 5.357164
0.209366 5.341533
0.210744 5.325859
0.212121 5.310152
0.213499 5.294424
0.214876 5.278685
0.216253 5.262943
0.217631 5.247210
0.219008 5.231494
0.220386 5.215805
0.221763 5.200152
0.223140 5.184543
0.224518 5.168987
0.225895 5.153491
0.227273 5.138063
0.228650 5.122711
0.230027 5.107441
0.231405 5.092259
0.232782 5.077172
0.234160 5.062185
0.235537 5.047304
0.236915 5.032533
0.238292 5.017877
0.239669 5.003340
0.241047 4.988925
0.242424 4.974636
0.243802 4.960474
0.245179 4.946443
0.246557 4.932544
0.247934 4.918777
0.249311 4.905145
0.250689 4.891648
0.252066 4.878285
0.253443 4.865056
0.254821 4.851960
0.256198 4.838996
0.257576 4.826162
0.258953 4.813457
0.260331 4.800877
0.261708 4.788420
0.263085 4.776083
0.264463 4.763862
0.265840 4.751754
0.267218 4.739753
0.268595 4.727856
0.269973 4.716059
0.271350 4.704355
0.272727 4.692740
0.274105 4.681208
0.275482 4.669754

0.275482 4.669754
0.276859 4.669068
0.278237 4.667015
0.279614 4.663612
0.280992 4.658884
0.282369 4.652865
0.283747 4.645599
0.285124 4.637134
0.286501 4.627526
0.287879 4.616835
0.289256 4.605121
0.290634 4.592450
0.292011 4.578884
0.293388 4.564490
0.294766 4.549329
0.296143 4.533464
0.297521 4.516953
0.298898 4.499855
0.300275 4.482224
0.301653 4.464111
0.303030 4.445567
0.304408 4.426636
0.305785 4.407363
0.307163 4.387789
0.308540 4.367953
0.309917 4.347891
0.311295 4.327636
0.312672 4.307221
0.314050 4.286675
0.315427 4.266026
0.316804 4.245302
0.318182 4.224526
0.319559 4.203721
0.320937 4.182911
0.322314 4.162115
0.323692 4.141353
0.325069 4.120643
0.326446 4.100004
0.327824 4.079450
0.329201 4.058999
0.330578 4.038665
0.331956 4.018462
0.333333 3.998404
0.334711 3.978503
0.336088 3.958771
0.337466 3.939222
0.338843 3.919864
0.340220 3.900710
0.341598 3.881770
0.342975 3.863053
0.344353 3.844568
0.345730 3.826326
0.347107 3.808333
0.348485 3.790600
0.349862 3.773134
0.351240 3.755942
0.352617 3.739032
0.353994 3.722411
0.355372 3.706086
0.356749 3.690064
0.358127 3.674351
0.359504 3.658953
0.360882 3.643877
0.362259 3.629127
0.363636 3.614709
0.365014 3.600629
0.366391 3.586892
0.367769 3.573502
0.369146 3.560464
0.370523 3.547783
0.371901 3.535464
0.373278 3.523510
0.374656 3.511925
0.376033 3.500713
0.377410 3.489879
0.378788 3.479424
0.380165 3.469354
0.381543 3.459670
0.382920 3.450377
0.384298 3.441477
0.385675 3.432973
0.387052 3.424867
0.388430 3.417162
0.389807 3.409860
0.391185 3.402964
0.392562 3.396475
0.393939 3.390396
0.395317 3.384729
0.396694 3.379474
0.398072 3.374635
0.399449 3.370211
0.400826 3.366205
0.402204 3.362617
0.403581 3.359449
0.404959 3.356701
0.406336 3.354375
0.407714 3.352471
0.409091 3.350989
0.410468 3.349931
0.411846 3.349296
0.413223 3.349084

0.413223 3.349084
0.415609 3.350267
0.417995 3.353810
0.420380 3.359693
0.422766 3.367882
0.425152 3.378331
0.427538 3.390982
0.429923 3.405769
0.432309 3.422613
0.434695 3.441428
0.437081 3.462122
0.439466 3.484597
0.441852 3.508752
0.444238 3.534481
0.446624 3.561679
0.449009 3.590239
0.451395 3.620057
0.453781 3.651030
0.456166 3.683056
0.458552 3.716039
0.460938 3.749887
0.463324 3.784508
0.465709 3.819820
0.468095 3.855742
0.470481 3.892198
0.472867 3.929117
0.475253 3.966431
0.477638 4.004077
0.480024 4.041993
0.482410 4.080121
0.484795 4.118404
0.487181 4.156786
0.489567 4.195211
0.491953 4.233624
0.494339 4.271967
0.496724 4.310180
0.499110 4.348200
0.501496 4.385962
0.503881 4.423393
0.506267 4.460418
0.508653 4.496952
0.511039 4.532907
0.513424 4.568184
0.515810 4.602681
0.518196 4.636284
0.520582 4.668875
0.522967 4.700327
0.525353 4.730511
0.527739 4.759290
0.530125 4.786530
0.532510 4.812098
0.534896 4.835866
0.537282 4.857716
0.539668 4.877547
0.542053 4.895275
0.544439 4.910841
0.546825 4.924214
0.549211 4.935392
0.551596 4.944404
0.553982 4.951311
0.556368 4.956199
0.558754 4.959182
0.561139 4.960392
0.563525 4.959978
0.565911 4.958096
0.568297 4.954910
0.570682 4.950583
0.573068 4.945277
0.575454 4.939146
0.577839 4.932336
0.580225 4.924984
0.582611 4.917217
0.584997 4.909150
0.587383 4.900885
0.589768 4.892518
0.592154 4.884129
0.594540 4.875792
0.596925 4.867569
0.599311 4.859515
0.601697 4.851678
0.604083 4.844095
0.606468 4.836801
0.608854 4.829822
0.611240 4.823179
0.613626 4.816891
0.616012 4.810970
0.618397 4.805427
0.620783 4.800267
0.623169 4.795496
0.625554 4.791115
0.627940 4.787126
0.630326 4.783527
0.632712 4.780317
0.635097 4.777493
0.637483 4.775054
0.639869 4.772995
0.642255 4.771315
0.644640 4.770012
0.647026 4.769082
0.649412 4.768525
0.651798 4.768339


0.000000 4.768339
0.001377 4.768422
0.002755 4.768670
0.004132 4.769085
0.005510 4.769665
0.006887 4.770413
0.008264 4.771329
0.009642 4.772414
0.011019 4.773668
0.012397 4.775095
0.013774 4.776695
0.015152 4.778470
0.016529 4.780421
0.017906 4.782552
0.019284 4.784864
0.020661 4.787360
0.022039 4.790042
0.023416 4.792912
0.024793 4.795974
0.026171 4.799231
0.027548 4.802685
0.028926 4.806339
0.030303 4.810197
0.031680 4.814262
0.033058 4.818537
0.034435 4.823025
0.035813 4.827730
0.037190 4.832656
0.038567 4.837804
0.039945 4.843180
0.041322 4.848786
0.042700 4.854626
0.044077 4.860702
0.045455 4.867019
0.046832 4.873579
0.048209 4.880386
0.049587 4.887442
0.050964 4.894751
0.052342 4.902316
0.053719 4.910138
0.055096 4.918221
0.056474 4.926567
0.057851 4.935179
0.059229 4.944058
0.060606 4.953206
0.061983 4.962625
0.063361 4.972317
0.064738 4.982284
0.066116 4.992525
0.067493 5.003043
0.068871 5.013837
0.070248 5.024908
0.071625 5.036257
0.073003 5.047883
0.074380 5.059787
0.075758 5.071966
0.077135 5.084422
0.078512 5.097152
0.079890 5.110156
0.081267 5.123431
0.082645 5.136976
0.084022 5.150789
0.085399 5.164867
0.086777 5.179207
0.088154 5.193807
0.089532 5.208664
0.090909 5.223774
0.092286 5.239132
0.093664 5.254736
0.095041 5.270581
0.096419 5.286662
0.097796 5.302975
0.099174 5.319515
0.100551 5.336276
0.101928 5.353253
0.103306 5.370440
0.104683 5.387832
0.106061 5.405422
0.107438 5.423205
0.108815 5.441173
0.110193 5.450529
0.111570 5.419192
0.112948 5.387755
0.114325 5.356218
0.115702 5.324583
0.117080 5.292849
0.118457 5.261017
0.119835 5.229085
0.121212 5.197053
0.122590 5.164920
0.123967 5.132684
0.125344 5.100343
0.126722 5.067895
0.128099 5.035337
0.129477 5.002666
0.130854 4.969878
0.132231 4.936970
0.133609 4.903938
0.134986 4.870778
0.136364 4.837484
0.137741 4.804053

0.137741 4.804053
0.139119 4.804701
0.140496 4.806640
0.141873 4.809855
0.143251 4.814322
0.144628 4.820010
0.146006 4.826877
0.147383 4.834878
0.148760 4.843960
0.150138 4.854068
0.151515 4.865141
0.152893 4.877119
0.154270 4.889940
0.155647 4.903541
0.157025 4.917861
0.158402 4.932839
0.159780 4.948416
0.161157 4.964534
0.162534 4.981140
0.163912 4.998181
0.165289 5.015606
0.166667 5.033368
0.168044 5.051422
0.169422 5.069725
0.170799 5.088236
0.172176 5.106918
0.173554 5.125735
0.174931 5.144652
0.176309 5.163638
0.177686 5.182662
0.179063 5.201697
0.180441 5.220714
0.181818 5.239689
0.183196 5.258597
0.184573 5.277417
0.185950 5.296127
0.187328 5.314708
0.188705 5.333139
0.190083 5.351404
0.191460 5.369486
0.192837 5.387368
0.194215 5.405036
0.195592 5.422477
0.196970 5.439676
0.198347 5.456622
0.199724 5.449439
0.201102 5.434296
0.202479 5.419043
0.203857 5.403692
0.205234 5.388255
0.206612 5.372742
0.207989 5.357164
0.209366 5.341533
0.210744 5.325859
0.212121 5.310152
0.213499 5.294424
0.214876 5.278685
0.216253 5.262943
0.217631 5.247210
0.219008 5.231494
0.220386 5.215805
0.221763 5.200152
0.223140 5.184543
0.224518 5.168987
0.225895 5.153491
0.227273 5.138063
0.228650 5.122711
0.230027 5.107441
0.231405 5.092259
0.232782 5.077172
0.234160 5.062185
0.235537 5.047304
0.236915 5.032533
0.238292 5.017877
0.239669 5.003340
0.241047 4.988925
0.242424 4.974636
0.243802 4.960474
0.245179 4.946443
0.246557 4.932544
0.247934 4.918777
0.249311 4.905145
0.250689 4.891648
0.252066 4.878285
0.253443 4.865056
0.254821 4.851960
0.256198 4.838996
0.257576 4.826162
0.258953 4.813457
0.260331 4.800877
0.261708 4.788420
0.263085 4.776083
0.264463 4.763862
0.265840 4.751754
0.267218 4.739753
0.268595 4.727856
0.269973 4.716059
0.271350 4.704355
0.272727 4.692740
0.274105 4.681208
0.275482 4.669754

0.275482 4.669754
0.276859 4.669068
0.278237 4.667015
0.279614 4.663612
0.280992 4.658884
0.282369 4.652865
0.283747 4.645599
0.285124 4.637134
0.286501 4.627526
0.287879 4.616835
0.289256 4.605121
0.290634 4.592450
0.292011 4.578884
0.293388 4.564490
0.294766 4.549329
0.296143 4.533464
0.297521 4.516953
0.298898 4.499855
0.300275 4.482224
0.301653 4.464111
0.303030 4.445567
0.304408 4.426636
0.305785 4.407363
0.307163 4.387789
0.308540 4.367953
0.309917 4.347891
0.311295 4.327636
0.312672 4.307221
0.314050 4.286675
0.315427 4.266026
0.316804 4.245302
0.318182 4.224526
0.319559 4.203721
0.320937 4.182911
0.322314 4.162115
0.323692 4.141353
0.325069 4.120643
0.326446 4.100004
0.327824 4.079450
0.329201 4.058999
0.330578 4.038665
0.331956 4.018462
0.333333 3.998404
0.334711 3.978503
0.336088 3.958771
0.337466 3.939222
0.338843 3.919864
0.340220 3.900710
0.341598 3.881770
0.342975 3.863053
0.344353 3.844568
0.345730 3.826326
0.347107 3.808333
0.348485 3.790600
0.349862 3.773134
0.351240 3.755942
0.352617 3.739032
0.353994 3.722411
0.355372 3.706086
0.356749 3.690064
0.358127 3.674351
0.359504 3.658953
0.360882 3.643877
0.362259 3.629127
0.363636 3.614709
0.365014 3.600629
0.366391 3.586892
0.367769 3.573502
0.369146 3.560464
0.370523 3.547783
0.371901 3.535464
0.373278 3.523510
0.374656 3.511925
0.376033 3.500713
0.377410 3.489879
0.378788 3.479424
0.380165 3.469354
0.381543 3.459670
0.382920 3.450377
0.384298 3.441477
0.385675 3.432973
0.387052 3.424867
0.388430 3.417162
0.389807 3.409860
0.391185 3.402964
0.392562 3.396475
0.393939 3.390396
0.395317 3.384729
0.396694 3.379474
0.398072 3.374635
0.399449 3.370211
0.400826 3.366205
0.402204 3.362617
0.403581 3.359449
0.404959 3.356701
0.406336 3.354375
0.407714 3.352471
0.409091 3.350989
0.410468 3.349931
0.411846 3.349296
0.413223 3.349084

0.413223 3.349084
0.415609 3.350267
0.417995 3.353810
0.420380 3.359693
0.422766 3.367882
0.425152 3.378331
0.427538 3.390982
0.429923 3.405769
0.432309 3.422613
0.434695 3.441428
0.437081 3.462122
0.439466 3.484597
0.441852 3.508752
0.444238 3.534481
0.446624 3.561679
0.449009 3.590239
0.451395 3.620057
0.453781 3.651030
0.456166 3.683056
0.458552 3.716039
0.460938 3.749887
0.463324 3.784508
0.465709 3.819820
0.468095 3.855742
0.470481 3.892198
0.472867 3.929117
0.475253 3.966431
0.477638 4.004077
0.480024 4.041993
0.482410 4.080121
0.484795 4.118404
0.487181 4.156786
0.489567 4.195211
0.491953 4.233624
0.494339 4.271967
0.496724 4.310180
0.499110 4.348200
0.501496 4.385962
0.503881 4.423393
0.506267 4.460418
0.508653 4.496952
0.511039 4.532907
0.513424 4.568184
0.515810 4.602681
0.518196 4.636284
0.520582 4.668875
0.522967 4.700327
0.525353 4.730511
0.527739 4.759290
0.530125 4.786530
0.532510 4.812098
0.534896 4.835866
0.537282 4.857716
0.539668 4.877547
0.542053 4.895275
0.544439 4.910841
0.546825 4.924214
0.549211 4.935392
0.551596 4.944404
0.553982 4.951311
0.556368 4.956199
0.558754 4.959182
0.561139 4.960392
0.563525 4.959978
0.565911 4.958096
0.568297 4.954910
0.570682 4.950583
0.573068 4.945277
0.575454 4.939146
0.577839 4.932336
0.580225 4.924984
0.582611 4.917217
0.584997 4.909150
0.587383 4.900885
0.589768 4.892518
0.592154 4.884129
0.594540 4.875792
0.596925 4.867569
0.599311 4.859515
0.601697 4.851678
0.604083 4.844095
0.606468 4.836801
0.608854 4.829822
0.611240 4.823179
0.613626 4.816891
0.616012 4.810970
0.618397 4.805427
0.620783 4.800267
0.623169 4.795496
0.625554 4.791115
0.627940 4.787126
0.630326 4.783527
0.632712 4.780317
0.635097 4.777493
0.637483 4.775054
0.639869 4.772995
0.642255 4.771315
0.644640 4.770012
0.647026 4.769082
0.649412 4.768525
0.651798 4.768339


0.000000 4.768339
0.001377 4.768422
0.002755 4.768670
0.004132 4.769085
0.005510 4.769665
0.006887 4.770413
0.008264 4.771329
0.009642 4.772414
0.011019 4.773668
0.012397 4.775095
0.013774 4.776695
0.015152 4.778470
0.016529 4.780421
0.017906 4.782552
0.019284 4.784864
0.020661 4.787360
0.022039 4.790042
0.023416 4.792912
0.024793 4.795974
0.026171 4.799231
0.027548 4.802685
0.028926 4.806339
0.030303 4.810197
0.031680 4.814262
0.033058 4.818537
0.034435 4.823025
0.035813 4.827730
0.037190 4.832656
0.038567 4.837804
0.039945 4.843180
0.041322 4.848786
0.042700 4.854626
0.044077 4.860702
0.045455 4.867019
0.046832 4.873579
0.048209 4.880386
0.049587 4.887442
0.050964 4.894751
0.052342 4.902316
0.053719 4.910138
0.055096 4.918221
0.056474 4.926567
0.057851 4.935179
0.059229 4.944058
0.060606 4.953206
0.061983 4.962625
0.063361 4.972317
0.064738 4.982284
0.066116 4.992525
0.067493 5.003043
0.068871 5.013837
0.070248 5.024908
0.071625 5.036257
0.073003 5.047883
0.074380 5.059787
0.075758 5.071966
0.077135 5.084422
0.078512 5.097152
0.079890 5.110156
0.081267 5.123431
0.082645 5.136976
0.084022 5.150789
0.085399 5.164867
0.086777 5.179207
0.088154 5.193807
0.089532 5.208664
0.090909 5.223774
0.092286 5.239132
0.093664 5.254736
0.095041 5.270581
0.096419 5.286662
0.097796 5.302975
0.099174 5.319515
0.100551 5.336276
0.101928 5.353253
0.103306 5.370440
0.104683 5.387832
0.106061 5.405422
0.107438 5.423205
0.108815 5.441173
0.110193 5.459320
0.111570 5.477640
0.112948 5.496125
0.114325 5.514767
0.115702 5.533561
0.117080 5.552499
0.118457 5.571572
0.119835 5.590774
0.121212 5.610097
0.122590 5.629532
0.123967 5.649072
0.125344 5.668710
0.126722 5.688436
0.128099 5.708243
0.129477 5.728123
0.130854 5.748067
0.132231 5.768067
0.133609 5.788116
0.134986 5.808205
0.136364 5.828325
0.137741 5.848468

0.137741 5.848468
0.139119 5.848239
0.140496 5.847552
0.141873 5.846407
0.143251 5.844806
0.144628 5.842749
0.146006 5.840240
0.147383 5.837279
0.148760 5.833870
0.150138 5.830016
0.151515 5.825721
0.152893 5.820987
0.154270 5.815820
0.155647 5.810223
0.157025 5.804203
0.158402 5.797764
0.159780 5.790912
0.161157 5.783653
0.162534 5.775994
0.163912 5.767941
0.165289 5.759502
0.166667 5.750685
0.168044 5.741496
0.169422 5.731943
0.170799 5.722037
0.172176 5.711784
0.173554 5.701194
0.174931 5.690276
0.176309 5.679040
0.177686 5.667496
0.179063 5.655652
0.180441 5.643520
0.181818 5.631110
0.183196 5.618432
0.184573 5.605497
0.185950 5.592316
0.187328 5.578900
0.188705 5.565260
0.190083 5.551407
0.191460 5.537353
0.192837 5.523108
0.194215 5.508686
0.195592 5.494096
0.196970 5.479350
0.198347 5.464460
0.199724 5.473303
0.201102 5.489709
0.202479 5.505828
0.203857 5.521653
0.205234 5.537174
0.206612 5.552384
0.207989 5.567275
0.209366 5.581841
0.210744 5.596074
0.212121 5.609972
0.213499 5.623527
0.214876 5.636736
0.216253 5.649596
0.217631 5.662103
0.219008 5.674255
0.220386 5.686050
0.221763 5.697486
0.223140 5.708563
0.224518 5.719279
0.225895 5.729635
0.227273 5.739633
0.228650 5.749272
0.230027 5.758554
0.231405 5.767482
0.232782 5.776057
0.234160 5.784283
0.235537 5.792164
0.236915 5.799702
0.238292 5.806903
0.239669 5.813770
0.241047 5.820309
0.242424 5.826526
0.243802 5.832425
0.245179 5.838013
0.246557 5.843296
0.247934 5.848282
0.249311 5.852977
0.250689 5.857388
0.252066 5.861523
0.253443 5.865390
0.254821 5.868996
0.256198 5.872351
0.257576 5.875462
0.258953 5.878337
0.260331 5.880986
0.261708 5.883418
0.263085 5.885640
0.264463 5.887663
0.265840 5.889495
0.267218 5.891145
0.268595 5.892622
0.269973 5.893935
0.271350 5.895094
0.272727 5.896106
0.274105 5.896981
0.275482 5.897727

0.275482 5.897727
0.276859 5.898419
0.278237 5.900487
0.279614 5.903918
0.280992 5.908684
0.282369 5.914752
0.283747 5.922078
0.285124 5.930613
0.286501 5.940303
0.287879 5.951086
0.289256 5.962903
0.290634 5.975687
0.292011 5.989376
0.293388 6.003905
0.294766 6.019210
0.296143 6.035230
0.297521 6.051905
0.298898 6.069178
0.300275 6.086994
0.301653 6.105301
0.303030 6.124049
0.304408 6.143193
0.305785 6.162689
0.307163 6.182494
0.308540 6.202572
0.309917 6.222884
0.311295 6.243397
0.312672 6.264079
0.314050 6.284900
0.315427 6.305831
0.316804 6.326846
0.318182 6.347921
0.319559 6.369030
0.320937 6.390154
0.322314 6.411269
0.323692 6.432358
0.325069 6.453400
0.326446 6.474378
0.327824 6.495276
0.329201 6.516077
0.330578 6.536766
0.331956 6.557329
0.333333 6.577752
0.334711 6.598022
0.336088 6.618126
0.337466 6.638053
0.338843 6.657790
0.340220 6.677327
0.341598 6.696652
0.342975 6.715757
0.344353 6.734631
0.345730 6.753264
0.347107 6.771648
0.348485 6.789774
0.349862 6.807633
0.351240 6.825218
0.352617 6.842520
0.353994 6.859532
0.355372 6.876247
0.356749 6.892658
0.358127 6.908757
0.359504 6.924539
0.360882 6.939996
0.362259 6.955124
0.363636 6.969915
0.365014 6.984365
0.366391 6.998467
0.367769 7.012217
0.369146 7.025609
0.370523 7.038638
0.371901 7.051300
0.373278 7.063590
0.374656 7.075504
0.376033 7.087036
0.377410 7.098184
0.378788 7.108944
0.380165 7.119311
0.381543 7.129281
0.382920 7.138853
0.384298 7.148022
0.385675 7.156784
0.387052 7.165138
0.388430 7.173081
0.389807 7.180609
0.391185 7.187720
0.392562 7.194412
0.393939 7.200683
0.395317 7.206530
0.396694 7.211952
0.398072 7.216946
0.399449 7.221512
0.400826 7.225648
0.402204 7.229351
0.403581 7.232622
0.404959 7.235459
0.406336 7.237861
0.407714 7.239827
0.409091 7.241357
0.410468 7.242450
0.411846 7.243106
0.413223 7.243325

0.413223 7.243325
0.415609 7.242202
0.417995 7.238834
0.420380 7.233232
0.422766 7.225412
0.425152 7.215396
0.427538 7.203214
0.429923 7.188899
0.432309 7.172492
0.434695 7.154038
0.437081 7.133589
0.439466 7.111198
0.441852 7.086927
0.444238 7.060837
0.446624 7.032995
0.449009 7.003471
0.451395 6.972335
0.453781 6.939660
0.456166 6.905521
0.458552 6.869992
0.460938 6.833146
0.463324 6.795057
0.465709 6.755797
0.468095 6.715434
0.470481 6.674038
0.472867 6.631670
0.475253 6.588392
0.477638 6.544259
0.480024 6.499322
0.482410 6.453626
0.484795 6.407212
0.487181 6.360114
0.489567 6.312359
0.491953 6.263969
0.494339 6.214958
0.496724 6.165334
0.499110 6.115099
0.501496 6.064245
0.503881 6.012760
0.506267 5.960625
0.508653 5.907815
0.511039 5.854297
0.513424 5.800033
0.515810 5.744981
0.518196 5.689093
0.520582 5.632316
0.522967 5.574594
0.525353 5.515865
0.527739 5.456068
0.530125 5.395137
0.532510 5.333005
0.534896 5.269603
0.537282 5.204862
0.539668 5.138714
0.542053 5.071090
0.544439 5.001922
0.546825 4.931145
0.549211 4.935392
0.551596 4.944404
0.553982 4.951311
0.556368 4.956199
0.558754 4.959182
0.561139 4.960392
0.563525 4.959978
0.565911 4.958096
0.568297 4.954910
0.570682 4.950583
0.573068 4.945277
0.575454 4.939146
0.577839 4.932336
0.580225 4.924984
0.582611 4.917217
0.584997 4.909150
0.587383 4.900885
0.589768 4.892518
0.592154 4.884129
0.594540 4.875792
0.596925 4.867569
0.599311 4.859515
0.601697 4.851678
0.604083 4.844095
0.606468 4.836801
0.608854 4.829822
0.611240 4.823179
0.613626 4.816891
0.616012 4.810970
0.618397 4.805427
0.620783 4.800267
0.623169 4.795496
0.625554 4.791115
0.627940 4.787126
0.630326 4.783527
0.632712 4.780317
0.635097 4.777493
0.637483 4.775054
0.639869 4.772995
0.642255 4.771315
0.644640 4.770012
0.647026 4.769082
0.649412 4.768525
0.651798 4.768339


0.000000 7.048923
0.001377 7.048598
0.002755 7.047625
0.004132 7.046004
0.005510 7.043736
0.006887 7.040821
0.008264 7.037262
0.009642 7.033061
0.011019 7.028220
0.012397 7.022742
0.013774 7.016629
0.015152 7.009886
0.016529 7.002515
0.017906 6.994522
0.019284 6.985910
0.020661 6.976684
0.022039 6.966849
0.023416 6.956411
0.024793 6.945376
0.026171 6.933749
0.027548 6.921536
0.028926 6.908745
0.030303 6.895382
0.031680 6.881454
0.033058 6.866969
0.034435 6.851935
0.035813 6.836358
0.037190 6.820248
0.038567 6.803613
0.039945 6.786461
0.041322 6.768801
0.042700 6.750642
0.044077 6.731994
0.045455 6.712865
0.046832 6.693265
0.048209 6.673204
0.049587 6.652691
0.050964 6.631737
0.052342 6.610351
0.053719 6.588543
0.055096 6.566324
0.056474 6.543703
0.057851 6.520692
0.059229 6.497300
0.060606 6.473537
0.061983 6.449414
0.063361 6.424941
0.064738 6.400129
0.066116 6.374988
0.067493 6.349527
0.068871 6.323758
0.070248 6.297690
0.071625 6.271332
0.073003 6.244696
0.074380 6.217790
0.075758 6.190624
0.077135 6.163208
0.078512 6.135551
0.079890 6.107662
0.081267 6.079549
0.082645 6.051222
0.084022 6.022688
0.085399 5.993957
0.086777 5.965035
0.088154 5.935931
0.089532 5.906652
0.090909 5.877205
0.092286 5.847597
0.093664 5.817834
0.095041 5.787923
0.096419 5.757869
0.097796 5.727679
0.099174 5.697356
0.100551 5.666906
0.101928 5.636334
0.103306 5.605643
0.104683 5.574838
0.106061 5.543921
0.107438 5.512895
0.108815 5.481764
0.110193 5.459320
0.111570 5.477640
0.112948 5.496125
0.114325 5.514767
0.115702 5.533561
0.117080 5.552499
0.118457 5.571572
0.119835 5.590774
0.121212 5.610097
0.122590 5.629532
0.123967 5.649072
0.125344 5.668710
0.126722 5.688436
0.128099 5.708243
0.129477 5.728123
0.130854 5.748067
0.132231 5.768067
0.133609 5.788116
0.134986 5.808205
0.136364 5.828325
0.137741 5.848468

0.137741 5.848468
0.139119 5.848239
0.140496 5.847552
0.141873 5.846407
0.143251 5.844806
0.144628 5.842749
0.146006 5.840240
0.147383 5.837279
0.148760 5.833870
0.150138 5.830016
0.151515 5.825721
0.152893 5.820987
0.154270 5.815820
0.155647 5.810223
0.157025 5.804203
0.158402 5.797764
0.159780 5.790912
0.161157 5.783653
0.162534 5.775994
0.163912 5.767941
0.165289 5.759502
0.166667 5.750685
0.168044 5.741496
0.169422 5.731943
0.170799 5.722037
0.172176 5.711784
0.173554 5.701194
0.174931 5.690276
0.176309 5.679040
0.177686 5.667496
0.179063 5.655652
0.180441 5.643520
0.181818 5.631110
0.183196 5.618432
0.184573 5.605497
0.185950 5.592316
0.187328 5.578900
0.188705 5.565260
0.190083 5.551407
0.191460 5.537353
0.192837 5.523108
0.194215 5.508686
0.195592 5.494096
0.196970 5.479350
0.198347 5.464460
0.199724 5.473303
0.201102 5.489709
0.202479 5.505828
0.203857 5.521653
0.205234 5.537174
0.206612 5.552384
0.207989 5.567275
0.209366 5.581841
0.210744 5.596074
0.212121 5.609972
0.213499 5.623527
0.214876 5.636736
0.216253 5.649596
0.217631 5.662103
0.219008 5.674255
0.220386 5.686050
0.221763 5.697486
0.223140 5.708563
0.224518 5.719279
0.225895 5.729635
0.227273 5.739633
0.228650 5.749272
0.230027 5.758554
0.231405 5.767482
0.232782 5.776057
0.234160 5.784283
0.235537 5.792164
0.236915 5.799702
0.238292 5.806903
0.239669 5.813770
0.241047 5.820309
0.242424 5.826526
0.243802 5.832425
0.245179 5.838013
0.246557 5.843296
0.247934 5.848282
0.249311 5.852977
0.250689 5.857388
0.252066 5.861523
0.253443 5.865390
0.254821 5.868996
0.256198 5.872351
0.257576 5.875462
0.258953 5.878337
0.260331 5.880986
0.261708 5.883418
0.263085 5.885640
0.264463 5.887663
0.265840 5.889495
0.267218 5.891145
0.268595 5.892622
0.269973 5.893935
0.271350 5.895094
0.272727 5.896106
0.274105 5.896981
0.275482 5.897727

0.275482 5.897727
0.276859 5.898419
0.278237 5.900487
0.279614 5.903918
0.280992 5.908684
0.282369 5.914752
0.283747 5.922078
0.285124 5.930613
0.286501 5.940303
0.287879 5.951086
0.289256 5.962903
0.290634 5.975687
0.292011 5.989376
0.293388 6.003905
0.294766 6.019210
0.296143 6.035230
0.297521 6.051905
0.298898 6.069178
0.300275 6.086994
0.301653 6.105301
0.303030 6.124049
0.304408 6.143193
0.305785 6.162689
0.307163 6.182494
0.308540 6.202572
0.309917 6.222884
0.311295 6.243397
0.312672 6.264079
0.314050 6.284900
0.315427 6.305831
0.316804 6.326846
0.318182 6.347921
0.319559 6.369030
0.320937 6.390154
0.322314 6.411269
0.323692 6.432358
0.325069 6.453400
0.326446 6.474378
0.327824 6.495276
0.329201 6.516077
0.330578 6.536766
0.331956 6.557329
0.333333 6.577752
0.334711 6.598022
0.336088 6.618126
0.337466 6.638053
0.338843 6.657790
0.340220 6.677327
0.341598 6.696652
0.342975 6.715757
0.344353 6.734631
0.345730 6.753264
0.347107 6.771648
0.348485 6.789774
0.349862 6.807633
0.351240 6.825218
0.352617 6.842520
0.353994 6.859532
0.355372 6.876247
0.356749 6.892658
0.358127 6.908757
0.359504 6.924539
0.360882 6.939996
0.362259 6.955124
0.363636 6.969915
0.365014 6.984365
0.366391 6.998467
0.367769 7.012217
0.369146 7.025609
0.370523 7.038638
0.371901 7.051300
0.373278 7.063590
0.374656 7.075504
0.376033 7.087036
0.377410 7.098184
0.378788 7.108944
0.380165 7.119311
0.381543 7.129281
0.382920 7.138853
0.384298 7.148022
0.385675 7.156784
0.387052 7.165138
0.388430 7.173081
0.389807 7.180609
0.391185 7.187720
0.392562 7.194412
0.393939 7.200683
0.395317 7.206530
0.396694 7.211952
0.398072 7.216946
0.399449 7.221512
0.400826 7.225648
0.402204 7.229351
0.403581 7.232622
0.404959 7.235459
0.406336 7.237861
0.407714 7.239827
0.409091 7.241357
0.410468 7.242450
0.411846 7.243106
0.413223 7.243325

0.413223 7.243325
0.415609 7.242825
0.417995 7.241325
0.420380 7.238827
0.422766 7.235335
0.425152 7.230852
0.427538 7.225384
0.429923 7.218938
0.432309 7.211523
0.434695 7.203146
0.437081 7.193819
0.439466 7.183553
0.441852 7.172360
0.444238 7.160255
0.446624 7.147251
0.449009 7.133366
0.451395 7.118616
0.453781 7.103021
0.456166 7.086600
0.458552 7.069376
0.460938 7.051371
0.463324 7.032611
0.465709 7.013123
0.468095 6.992937
0.470481 6.972085
0.472867 6.950601
0.475253 6.928523
0.477638 6.905892
0.480024 6.882752
0.482410 6.859153
0.484795 6.835145
0.487181 6.810786
0.489567 6.786139
0.491953 6.761269
0.494339 6.736250
0.496724 6.711160
0.499110 6.686084
0.501496 6.661112
0.503881 6.636343
0.506267 6.611883
0.508653 6.587843
0.511039 6.564344
0.513424 6.541512
0.515810 6.519484
0.518196 6.498399
0.520582 6.478405
0.522967 6.459656
0.525353 6.442307
0.527739 6.426516
0.530125 6.412438
0.532510 6.400226
0.534896 6.390020
0.537282 6.381952
0.539668 6.376131
0.542053 6.372648
0.544439 6.371564
0.546825 6.372909
0.549211 6.376681
0.551596 6.382843
0.553982 6.391325
0.556368 6.402026
0.558754 6.414818
0.561139 6.429547
0.563525 6.446044
0.565911 6.464127
0.568297 6.483607
0.570682 6.504291
0.573068 6.525988
0.575454 6.548512
0.577839 6.571683
0.580225 6.595329
0.582611 6.619290
0.584997 6.643415
0.587383 6.667563
0.589768 6.691604
0.592154 6.715421
0.594540 6.738905
0.596925 6.761956
0.599311 6.784485
0.601697 6.806411
0.604083 6.827661
0.606468 6.848169
0.608854 6.867879
0.611240 6.886737
0.613626 6.904698
0.616012 6.921721
0.618397 6.937772
0.620783 6.952818
0.623169 6.966834
0.625554 6.979797
0.627940 6.991686
0.630326 7.002484
0.632712 7.012178
0.635097 7.020756
0.637483 7.028208
0.639869 7.034525
0.642255 7.039702
0.644640 7.043734
0.647026 7.046616
0.649412 7.048346
0.651798 7.048923


0.000000 7.048923
0.001377 7.048797
0.002755 7.048418
0.004132 7.047786
0.005510 7.046902
0.006887 7.045766
0.008264 7.044376
0.009642 7.042733
0.011019 7.040837
0.012397 7.038688
0.013774 7.036285
0.015152 7.033627
0.016529 7.030716
0.017906 7.027549
0.019284 7.024128
0.020661 7.020452
0.022039 7.016520
0.023416 7.012331
0.024793 7.007887
0.026171 7.003185
0.027548 6.998226
0.028926 6.993010
0.030303 6.987536
0.031680 6.981803
0.033058 6.975812
0.034435 6.969561
0.035813 6.963052
0.037190 6.956282
0.038567 6.949253
0.039945 6.941963
0.041322 6.934413
0.042700 6.926602
0.044077 6.918531
0.045455 6.910199
0.046832 6.901606
0.048209 6.892752
0.049587 6.883638
0.050964 6.874263
0.052342 6.864628
0.053719 6.854733
0.055096 6.844578
0.056474 6.834165
0.057851 6.823493
0.059229 6.812563
0.060606 6.801375
0.061983 6.789932
0.063361 6.778233
0.064738 6.766280
0.066116 6.754074
0.067493 6.741617
0.068871 6.728909
0.070248 6.715952
0.071625 6.702748
0.073003 6.689298
0.074380 6.675606
0.075758 6.661672
0.077135 6.647498
0.078512 6.633089
0.079890 6.618444
0.081267 6.603569
0.082645 6.588464
0.084022 6.573134
0.085399 6.557581
0.086777 6.541809
0.088154 6.525821
0.089532 6.509620
0.090909 6.493211
0.092286 6.476597
0.093664 6.459782
0.095041 6.442771
0.096419 6.425569
0.097796 6.408178
0.099174 6.390605
0.100551 6.372855
0.101928 6.354932
0.103306 6.336841
0.104683 6.318588
0.106061 6.300179
0.107438 6.281619
0.108815 6.262914
0.110193 6.244070
0.111570 6.225093
0.112948 6.205990
0.114325 6.186766
0.115702 6.167430
0.117080 6.147986
0.118457 6.128443
0.119835 6.108807
0.121212 6.089085
0.122590 6.069285
0.123967 6.049414
0.125344 6.029478
0.126722 6.009487
0.128099 5.989447
0.129477 5.969366
0.130854 5.949253
0.132231 5.929114
0.133609 5.908958
0.134986 5.888793
0.136364 5.868627
0.137741 5.848468

0.137741 5.848468
0.139119 5.848501
0.140496 5.848600
0.141873 5.848765
0.143251 5.848994
0.144628 5.849287
0.146006 5.849642
0.147383 5.850058
0.148760 5.850532
0.150138 5.851064
0.151515 5.851650
0.152893 5.852288
0.154270 5.852975
0.155647 5.853708
0.157025 5.854484
0.158402 5.855300
0.159780 5.856153
0.161157 5.857039
0.162534 5.857955
0.163912 5.858897
0.165289 5.859862
0.166667 5.860847
0.168044 5.861847
0.169422 5.862859
0.170799 5.863881
0.172176 5.864908
0.173554 5.865938
0.174931 5.866967
0.176309 5.867992
0.177686 5.869011
0.179063 5.870020
0.180441 5.871018
0.181818 5.872002
0.183196 5.872969
0.184573 5.873918
0.185950 5.874847
0.187328 5.875755
0.188705 5.876638
0.190083 5.877498
0.191460 5.878332
0.192837 5.879139
0.194215 5.879919
0.195592 5.880672
0.196970 5.881397
0.198347 5.882095
0.199724 5.882764
0.201102 5.883406
0.202479 5.884021
0.203857 5.884610
0.205234 5.885173
0.206612 5.885711
0.207989 5.886226
0.209366 5.886718
0.210744 5.887189
0.212121 5.887641
0.213499 5.888074
0.214876 5.888490
0.216253 5.888891
0.217631 5.889279
0.219008 5.889655
0.220386 5.890021
0.221763 5.890378
0.223140 5.890729
0.224518 5.891074
0.225895 5.891415
0.227273 5.891755
0.228650 5.892093
0.230027 5.892432
0.231405 5.892772
0.232782 5.893114
0.234160 5.893459
0.235537 5.893808
0.236915 5.894161
0.238292 5.894517
0.239669 5.894878
0.241047 5.895242
0.242424 5.895609
0.243802 5.895977
0.245179 5.896346
0.246557 5.896714
0.247934 5.897079
0.249311 5.897439
0.250689 5.897790
0.252066 5.898131
0.253443 5.898457
0.254821 5.898766
0.256198 5.899053
0.257576 5.899314
0.258953 5.899544
0.260331 5.899738
0.261708 5.899890
0.263085 5.899996
0.264463 5.900048
0.265840 5.900041
0.267218 5.899967
0.268595 5.899821
0.269973 5.899594
0.271350 5.899278
0.272727 5.898868
0.274105 5.898353
0.275482 5.897727

0.275482 5.897727
0.276859 5.898419
0.278237 5.900487
0.279614 5.903918
0.280992 5.908684
0.282369 5.914752
0.283747 5.922078
0.285124 5.930613
0.286501 5.940303
0.287879 5.951086
0.289256 5.962903
0.290634 5.975687
0.292011 5.989376
0.293388 6.003905
0.294766 6.019210
0.296143 6.035230
0.297521 6.051905
0.298898 6.069178
0.300275 6.086994
0.301653 6.105301
0.303030 6.124049
0.304408 6.143193
0.305785 6.162689
0.307163 6.182494
0.308540 6.202572
0.309917 6.222884
0.311295 6.243397
0.312672 6.264079
0.314050 6.284900
0.315427 6.305831
0.316804 6.326846
0.318182 6.347921
0.319559 6.369030
0.320937 6.390154
0.322314 6.411269
0.323692 6.432358
0.325069 6.453400
0.326446 6.474378
0.327824 6.495276
0.329201 6.516077
0.330578 6.536766
0.331956 6.557329
0.333333 6.577752
0.334711 6.598022
0.336088 6.618126
0.337466 6.638053
0.338843 6.657790
0.340220 6.677327
0.341598 6.696652
0.342975 6.715757
0.344353 6.734631
0.345730 6.753264
0.347107 6.771648
0.348485 6.789774
0.349862 6.807633
0.351240 6.825218
0.352617 6.842520
0.353994 6.859532
0.355372 6.876247
0.356749 6.892658
0.358127 6.908757
0.359504 6.924539
0.360882 6.939996
0.362259 6.955124
0.363636 6.969915
0.365014 6.984365
0.366391 6.998467
0.367769 7.012217
0.369146 7.025609
0.370523 7.038638
0.371901 7.051300
0.373278 7.063590
0.374656 7.075504
0.376033 7.087036
0.377410 7.098184
0.378788 7.108944
0.380165 7.119311
0.381543 7.129281
0.382920 7.138853
0.384298 7.148022
0.385675 7.156784
0.387052 7.165138
0.388430 7.173081
0.389807 7.180609
0.391185 7.187720
0.392562 7.194412
0.393939 7.200683
0.395317 7.206530
0.396694 7.211952
0.398072 7.216946
0.399449 7.221512
0.400826 7.225648
0.402204 7.229351
0.403581 7.232622
0.404959 7.235459
0.406336 7.237861
0.407714 7.239827
0.409091 7.241357
0.410468 7.242450
0.411846 7.243106
0.413223 7.243325

0.413223 7.243325
0.415609 7.242825
0.417995 7.241325
0.420380 7.238827
0.422766 7.235335
0.425152 7.230852
0.427538 7.225384
0.429923 7.218938
0.432309 7.211523
0.434695 7.203146
0.437081 7.193819
0.439466 7.183553
0.441852 7.172360
0.444238 7.160255
0.446624 7.147251
0.449009 7.133366
0.451395 7.118616
0.453781 7.103021
0.456166 7.086600
0.458552 7.069376
0.460938 7.051371
0.463324 7.032611
0.465709 7.013123
0.468095 6.992937
0.470481 6.972085
0.472867 6.950601
0.475253 6.928523
0.477638 6.905892
0.480024 6.882752
0.482410 6.859153
0.484795 6.835145
0.487181 6.810786
0.489567 6.786139
0.491953 6.761269
0.494339 6.736250
0.496724 6.711160
0.499110 6.686084
0.501496 6.661112
0.503881 6.636343
0.506267 6.611883
0.508653 6.587843
0.511039 6.564344
0.513424 6.541512
0.515810 6.519484
0.518196 6.498399
0.520582 6.478405
0.522967 6.459656
0.525353 6.442307
0.527739 6.426516
0.530125 6.412438
0.532510 6.400226
0.534896 6.390020
0.537282 6.381952
0.539668 6.376131
0.542053 6.372648
0.544439 6.371564
0.546825 6.372909
0.549211 6.376681
0.551596 6.382843
0.553982 6.391325
0.556368 6.402026
0.558754 6.414818
0.561139 6.429547
0.563525 6.446044
0.565911 6.464127
0.568297 6.483607
0.570682 6.504291
0.573068 6.525988
0.575454 6.548512
0.577839 6.571683
0.580225 6.595329
0.582611 6.619290
0.584997 6.643415
0.587383 6.667563
0.589768 6.691604
0.592154 6.715421
0.594540 6.738905
0.596925 6.761956
0.599311 6.784485
0.601697 6.806411
0.604083 6.827661
0.606468 6.848169
0.608854 6.867879
0.611240 6.886737
0.613626 6.904698
0.616012 6.921721
0.618397 6.937772
0.620783 6.952818
0.623169 6.966834
0.625554 6.979797
0.627940 6.991686
0.630326 7.002484
0.632712 7.012178
0.635097 7.020756
0.637483 7.028208
0.639869 7.034525
0.642255 7.039702
0.644640 7.043734
0.647026 7.046616
0.649412 7.048346
0.651798 7.048923


0.000000 7.048923
0.001377 7.048797
0.002755 7.048418
0.004132 7.047786
0.005510 7.046902
0.006887 7.045766
0.008264 7.044376
0.009642 7.042733
0.011019 7.040837
0.012397 7.038688
0.013774 7.036285
0.015152 7.033627
0.016529 7.030716
0.017906 7.027549
0.019284 7.024128
0.020661 7.020452
0.022039 7.016520
0.023416 7.012331
0.024793 7.007887
0.026171 7.003185
0.027548 6.998226
0.028926 6.993010
0.030303 6.987536
0.031680 6.981803
0.033058 6.975812
0.034435 6.969561
0.035813 6.963052
0.037190 6.956282
0.038567 6.949253
0.039945 6.941963
0.041322 6.934413
0.042700 6.926602
0.044077 6.918531
0.045455 6.910199
0.046832 6.901606
0.048209 6.892752
0.049587 6.883638
0.050964 6.874263
0.052342 6.864628
0.053719 6.854733
0.055096 6.844578
0.056474 6.834165
0.057851 6.823493
0.059229 6.812563
0.060606 6.801375
0.061983 6.789932
0.063361 6.778233
0.064738 6.766280
0.066116 6.754074
0.067493 6.741617
0.068871 6.728909
0.070248 6.715952
0.071625 6.702748
0.073003 6.689298
0.074380 6.675606
0.075758 6.661672
0.077135 6.647498
0.078512 6.633089
0.079890 6.618444
0.081267 6.603569
0.082645 6.588464
0.084022 6.573134
0.085399 6.557581
0.086777 6.541809
0.088154 6.525821
0.089532 6.509620
0.090909 6.493211
0.092286 6.476597
0.093664 6.459782
0.095041 6.442771
0.096419 6.425569
0.097796 6.408178
0.099174 6.390605
0.100551 6.372855
0.101928 6.354932
0.103306 6.336841
0.104683 6.318588
0.106061 6.300179
0.107438 6.281619
0.108815 6.262914
0.110193 6.244070
0.111570 6.225093
0.112948 6.205990
0.114325 6.186766
0.115702 6.167430
0.117080 6.147986
0.118457 6.128443
0.119835 6.108807
0.121212 6.089085
0.122590 6.069285
0.123967 6.049414
0.125344 6.029478
0.126722 6.009487
0.128099 5.989447
0.129477 5.969366
0.130854 5.949253
0.132231 5.929114
0.133609 5.908958
0.134986 5.888793
0.136364 5.868627
0.137741 5.848468

0.137741 5.848468
0.139119 5.848501
0.140496 5.848600
0.141873 5.848765
0.143251 5.848994
0.144628 5.849287
0.146006 5.849642
0.147383 5.850058
0.148760 5.850532
0.150138 5.851064
0.151515 5.851650
0.152893 5.852288
0.154270 5.852975
0.155647 5.853708
0.157025 5.854484
0.158402 5.855300
0.159780 5.856153
0.161157 5.857039
0.162534 5.857955
0.163912 5.858897
0.165289 5.859862
0.166667 5.860847
0.168044 5.861847
0.169422 5.862859
0.170799 5.863881
0.172176 5.864908
0.173554 5.865938
0.174931 5.866967
0.176309 5.867992
0.177686 5.869011
0.179063 5.870020
0.180441 5.871018
0.181818 5.872002
0.183196 5.872969
0.184573 5.873918
0.185950 5.874847
0.187328 5.875755
0.188705 5.876638
0.190083 5.877498
0.191460 5.878332
0.192837 5.879139
0.194215 5.879919
0.195592 5.880672
0.196970 5.881397
0.198347 5.882095
0.199724 5.882764
0.201102 5.883406
0.202479 5.884021
0.203857 5.884610
0.205234 5.885173
0.206612 5.885711
0.207989 5.886226
0.209366 5.886718
0.210744 5.887189
0.212121 5.887641
0.213499 5.888074
0.214876 5.888490
0.216253 5.888891
0.217631 5.889279
0.219008 5.889655
0.220386 5.890021
0.221763 5.890378
0.223140 5.890729
0.224518 5.891074
0.225895 5.891415
0.227273 5.891755
0.228650 5.892093
0.230027 5.892432
0.231405 5.892772
0.232782 5.893114
0.234160 5.893459
0.235537 5.893808
0.236915 5.894161
0.238292 5.894517
0.239669 5.894878
0.241047 5.895242
0.242424 5.895609
0.243802 5.895977
0.245179 5.896346
0.246557 5.896714
0.247934 5.897079
0.249311 5.897439
0.250689 5.897790
0.252066 5.898131
0.253443 5.898457
0.254821 5.898766
0.256198 5.899053
0.257576 5.899314
0.258953 5.899544
0.260331 5.899738
0.261708 5.899890
0.263085 5.899996
0.264463 5.900048
0.265840 5.900041
0.267218 5.899967
0.268595 5.899821
0.269973 5.899594
0.271350 5.899278
0.272727 5.898868
0.274105 5.898353
0.275482 5.897727

0.275482 5.897727
0.276859 5.898419
0.278237 5.900487
0.279614 5.903918
0.280992 5.908684
0.282369 5.914752
0.283747 5.922078
0.285124 5.930613
0.286501 5.940303
0.287879 5.951086
0.289256 5.962903
0.290634 5.975687
0.292011 5.989376
0.293388 6.003905
0.294766 6.019210
0.296143 6.035230
0.297521 6.051905
0.298898 6.069178
0.300275 6.086994
0.301653 6.105301
0.303030 6.124049
0.304408 6.143193
0.305785 6.162689
0.307163 6.182494
0.308540 6.202572
0.309917 6.222884
0.311295 6.243397
0.312672 6.264079
0.314050 6.284900
0.315427 6.305831
0.316804 6.326846
0.318182 6.347921
0.319559 6.369030
0.320937 6.390154
0.322314 6.411269
0.323692 6.432358
0.325069 6.453400
0.326446 6.474378
0.327824 6.495276
0.329201 6.516077
0.330578 6.536766
0.331956 6.557329
0.333333 6.577752
0.334711 6.598022
0.336088 6.618126
0.337466 6.638053
0.338843 6.657790
0.340220 6.677327
0.341598 6.696652
0.342975 6.715757
0.344353 6.734631
0.345730 6.753264
0.347107 6.771648
0.348485 6.789774
0.349862 6.807633
0.351240 6.825218
0.352617 6.842520
0.353994 6.859532
0.355372 6.876247
0.356749 6.892658
0.358127 6.908757
0.359504 6.924539
0.360882 6.939996
0.362259 6.955124
0.363636 6.969915
0.365014 6.984365
0.366391 6.998467
0.367769 7.012217
0.369146 7.025609
0.370523 7.038638
0.371901 7.051300
0.373278 7.063590
0.374656 7.075504
0.376033 7.087036
0.377410 7.098184
0.378788 7.108944
0.380165 7.119311
0.381543 7.129281
0.382920 7.138853
0.384298 7.148022
0.385675 7.156784
0.387052 7.165138
0.388430 7.173081
0.389807 7.180609
0.391185 7.187720
0.392562 7.194412
0.393939 7.200683
0.395317 7.206530
0.396694 7.211952
0.398072 7.216946
0.399449 7.221512
0.400826 7.225648
0.402204 7.229351
0.403581 7.232622
0.404959 7.235459
0.406336 7.237861
0.407714 7.239827
0.409091 7.241357
0.410468 7.242450
0.411846 7.243106
0.413223 7.243325

0.413223 7.243325
0.415609 7.242825
0.417995 7.241325
0.420380 7.238827
0.422766 7.235335
0.425152 7.230852
0.427538 7.225384
0.429923 7.218938
0.432309 7.211523
0.434695 7.203146
0.437081 7.193819
0.439466 7.183553
0.441852 7.172360
0.444238 7.160255
0.446624 7.147251
0.449009 7.133366
0.451395 7.118616
0.453781 7.103021
0.456166 7.086600
0.458552 7.069376
0.460938 7.051371
0.463324 7.032611
0.465709 7.013123
0.468095 6.992937
0.470481 6.972085
0.472867 6.950601
0.475253 6.928523
0.477638 6.905892
0.480024 6.882752
0.482410 6.859153
0.484795 6.835145
0.487181 6.810786
0.489567 6.786139
0.491953 6.761269
0.494339 6.736250
0.496724 6.711160
0.499110 6.686084
0.501496 6.661112
0.503881 6.636343
0.506267 6.611883
0.508653 6.587843
0.511039 6.564344
0.513424 6.541512
0.515810 6.519484
0.518196 6.498399
0.520582 6.478405
0.522967 6.459656
0.525353 6.442307
0.527739 6.426516
0.530125 6.412438
0.532510 6.400226
0.534896 6.390020
0.537282 6.381952
0.539668 6.376131
0.542053 6.372648
0.544439 6.371564
0.546825 6.372909
0.549211 6.376681
0.551596 6.382843
0.553982 6.391325
0.556368 6.402026
0.558754 6.414818
0.561139 6.429547
0.563525 6.446044
0.565911 6.464127
0.568297 6.483607
0.570682 6.504291
0.573068 6.525988
0.575454 6.548512
0.577839 6.571683
0.580225 6.595329
0.582611 6.619290
0.584997 6.643415
0.587383 6.667563
0.589768 6.691604
0.592154 6.715421
0.594540 6.738905
0.596925 6.761956
0.599311 6.784485
0.601697 6.806411
0.604083 6.827661
0.606468 6.848169
0.608854 6.867879
0.611240 6.886737
0.613626 6.904698
0.616012 6.921721
0.618397 6.937772
0.620783 6.952818
0.623169 6.966834
0.625554 6.979797
0.627940 6.991686
0.630326 7.002484
0.632712 7.012178
0.635097 7.020756
0.637483 7.028208
0.639869 7.034525
0.642255 7.039702
0.644640 7.043734
0.647026 7.046616
0.649412 7.048346
0.651798 7.048923



