# distance  frequency (bands are separated by blank lines)
# End points of segments: 
#   0.00000000 0.13774100 0.27548210 0.41322310 0.65179760 
0.000000 -4.078953
0.001377 -4.078955
0.002755 -4.078962
0.004132 -4.078973
0.005510 -4.078989
0.006887 -4.079009
0.008264 -4.079034
0.009642 -4.079063
0.011019 -4.079097
0.012397 -4.079135
0.013774 -4.079177
0.015152 -4.079223
0.016529 -4.079274
0.017906 -4.079329
0.019284 -4.079388
0.020661 -4.079451
0.022039 -4.079519
0.023416 -4.079590
0.024793 -4.079665
0.026171 -4.079744
0.027548 -4.079826
0.028926 -4.079912
0.030303 -4.080002
0.031680 -4.080096
0.033058 -4.080192
0.034435 -4.080292
0.035813 -4.080395
0.037190 -4.080501
0.038567 -4.080611
0.039945 -4.080723
0.041322 -4.080837
0.042700 -4.080955
0.044077 -4.081075
0.045455 -4.081197
0.046832 -4.081322
0.048209 -4.081449
0.049587 -4.081578
0.050964 -4.081708
0.052342 -4.081841
0.053719 -4.081975
0.055096 -4.082111
0.056474 -4.082248
0.057851 -4.082387
0.059229 -4.082526
0.060606 -4.082667
0.061983 -4.082808
0.063361 -4.082950
0.064738 -4.083093
0.066116 -4.083236
0.067493 -4.083379
0.068871 -4.083523
0.070248 -4.083666
0.071625 -4.083809
0.073003 -4.083952
0.074380 -4.084095
0.075758 -4.084237
0.077135 -4.084378
0.078512 -4.084519
0.079890 -4.084658
0.081267 -4.084796
0.082645 -4.084934
0.084022 -4.085069
0.085399 -4.085203
0.086777 -4.085336
0.088154 -4.085467
0.089532 -4.085595
0.090909 -4.085722
0.092286 -4.085847
0.093664 -4.085969
0.095041 -4.086089
0.096419 -4.086206
0.097796 -4.086321
0.099174 -4.086433
0.100551 -4.086542
0.101928 -4.086648
0.103306 -4.086750
0.104683 -4.086850
0.106061 -4.086947
0.107438 -4.087040
0.108815 -4.087129
0.110193 -4.087215
0.111570 -4.087298
0.112948 -4.087377
0.114325 -4.087451
0.115702 -4.087523
0.117080 -4.087590
0.118457 -4.087653
0.119835 -4.087712
0.121212 -4.087766
0.122590 -4.087817
0.123967 -4.087864
0.125344 -4.087906
0.126722 -4.087943
0.128099 -4.087977
0.129477 -4.088006
0.130854 -4.088031
0.132231 -4.088051
0.133609 -4.088067
0.134986 -4.088078
0.136364 -4.088085
0.137741 -4.088087

0.137741 -4.088087
0.139119 -4.088020
0.140496 -4.087819
0.141873 -4.087485
0.143251 -4.087018
0.144628 -4.086418
0.146006 -4.085686
0.147383 -4.084822
0.148760 -4.083828
0.150138 -4.082705
0.151515 -4.081453
0.152893 -4.080075
0.154270 -4.078571
0.155647 -4.076944
0.157025 -4.075196
0.158402 -4.073327
0.159780 -4.071342
0.161157 -4.069241
0.162534 -4.067028
0.163912 -4.064705
0.165289 -4.062274
0.166667 -4.059738
0.168044 -4.057101
0.169422 -4.054364
0.170799 -4.051531
0.172176 -4.048604
0.173554 -4.045587
0.174931 -4.042483
0.176309 -4.039294
0.177686 -4.036024
0.179063 -4.032675
0.180441 -4.029250
0.181818 -4.025753
0.183196 -4.022186
0.184573 -4.018553
0.185950 -4.014855
0.187328 -4.011096
0.188705 -4.007278
0.190083 -4.003403
0.191460 -3.999475
0.192837 -3.995496
0.194215 -3.991468
0.195592 -3.987393
0.196970 -3.983274
0.198347 -3.979112
0.199724 -3.974910
0.201102 -3.970670
0.202479 -3.966392
0.203857 -3.962080
0.205234 -3.957734
0.206612 -3.953357
0.207989 -3.948950
0.209366 -3.944515
0.210744 -3.940053
0.212121 -3.935565
0.213499 -3.931055
0.214876 -3.926523
0.216253 -3.921971
0.217631 -3.917401
0.219008 -3.912816
0.220386 -3.908217
0.221763 -3.903608
0.223140 -3.898992
0.224518 -3.894371
0.225895 -3.889749
0.227273 -3.885131
0.228650 -3.880521
0.230027 -3.875924
0.231405 -3.871347
0.232782 -3.866795
0.234160 -3.869243
0.235537 -3.872371
0.236915 -3.874904
0.238292 -3.876857
0.239669 -3.878248
0.241047 -3.879094
0.242424 -3.879417
0.243802 -3.879239
0.245179 -3.878582
0.246557 -3.877472
0.247934 -3.875937
0.249311 -3.874003
0.250689 -3.871701
0.252066 -3.869062
0.253443 -3.866120
0.254821 -3.862907
0.256198 -3.859459
0.257576 -3.855813
0.258953 -3.852005
0.260331 -3.848073
0.261708 -3.844057
0.263085 -3.839995
0.264463 -3.835926
0.265840 -3.831889
0.267218 -3.827922
0.268595 -3.824063
0.269973 -3.820348
0.271350 -3.816811
0.272727 -3.813486
0.274105 -3.810402
0.275482 -3.807589

0.275482 -3.807589
0.276859 -3.807617
0.278237 -3.807703
0.279614 -3.807846
0.280992 -3.808045
0.282369 -3.808302
0.283747 -3.808614
0.285124 -3.808983
0.286501 -3.809408
0.287879 -3.809888
0.289256 -3.810422
0.290634 -3.811011
0.292011 -3.811654
0.293388 -3.812349
0.294766 -3.813097
0.296143 -3.813897
0.297521 -3.814747
0.298898 -3.815646
0.300275 -3.816595
0.301653 -3.817591
0.303030 -3.818635
0.304408 -3.819724
0.305785 -3.820858
0.307163 -3.822035
0.308540 -3.823255
0.309917 -3.824516
0.311295 -3.825817
0.312672 -3.827156
0.314050 -3.828532
0.315427 -3.829945
0.316804 -3.831391
0.318182 -3.832870
0.319559 -3.834381
0.320937 -3.835921
0.322314 -3.837490
0.323692 -3.839085
0.325069 -3.840705
0.326446 -3.842349
0.327824 -3.844014
0.329201 -3.845700
0.330578 -3.847404
0.331956 -3.849125
0.333333 -3.850861
0.334711 -3.852610
0.336088 -3.854370
0.337466 -3.856141
0.338843 -3.857919
0.340220 -3.859704
0.341598 -3.861493
0.342975 -3.863285
0.344353 -3.865078
0.345730 -3.866870
0.347107 -3.868659
0.348485 -3.870444
0.349862 -3.872223
0.351240 -3.873994
0.352617 -3.875755
0.353994 -3.877505
0.355372 -3.879242
0.356749 -3.880965
0.358127 -3.882671
0.359504 -3.884358
0.360882 -3.886027
0.362259 -3.887673
0.363636 -3.889297
0.365014 -3.890897
0.366391 -3.892470
0.367769 -3.894016
0.369146 -3.895533
0.370523 -3.897019
0.371901 -3.898473
0.373278 -3.899894
0.374656 -3.901280
0.376033 -3.902631
0.377410 -3.903943
0.378788 -3.905218
0.380165 -3.906452
0.381543 -3.907646
0.382920 -3.908797
0.384298 -3.909905
0.385675 -3.910969
0.387052 -3.911987
0.388430 -3.912960
0.389807 -3.913885
0.391185 -3.914762
0.392562 -3.915590
0.393939 -3.916368
0.395317 -3.917096
0.396694 -3.917773
0.398072 -3.918398
0.399449 -3.918971
0.400826 -3.922579
0.402204 -3.926186
0.403581 -3.929434
0.404959 -3.932298
0.406336 -3.934757
0.407714 -3.936791
0.409091 -3.938387
0.410468 -3.939535
0.411846 -3.940226
0.413223 -3.940457

0.413223 -3.940457
0.415609 -3.939912
0.417995 -3.938350
0.420380 -3.935940
0.422766 -3.932840
0.425152 -3.929141
0.427538 -3.924870
0.429923 -3.925059
0.432309 -3.925824
0.434695 -3.926548
0.437081 -3.927397
0.439466 -3.928568
0.441852 -3.929843
0.444238 -3.931221
0.446624 -3.932699
0.449009 -3.934276
0.451395 -3.935950
0.453781 -3.937720
0.456166 -3.939583
0.458552 -3.941539
0.460938 -3.943585
0.463324 -3.945721
0.465709 -3.947944
0.468095 -3.950254
0.470481 -3.952648
0.472867 -3.955127
0.475253 -3.957688
0.477638 -3.960330
0.480024 -3.963052
0.482410 -3.965852
0.484795 -3.968728
0.487181 -3.971680
0.489567 -3.974705
0.491953 -3.977800
0.494339 -3.980964
0.496724 -3.984193
0.499110 -3.987485
0.501496 -3.990836
0.503881 -3.994241
0.506267 -3.997697
0.508653 -4.001199
0.511039 -4.004741
0.513424 -4.008317
0.515810 -4.011921
0.518196 -4.015545
0.520582 -4.019184
0.522967 -4.022827
0.525353 -4.026468
0.527739 -4.030097
0.530125 -4.033705
0.532510 -4.037282
0.534896 -4.040819
0.537282 -4.044305
0.539668 -4.047730
0.542053 -4.051085
0.544439 -4.054358
0.546825 -4.057539
0.549211 -4.060619
0.551596 -4.063588
0.553982 -4.066436
0.556368 -4.069154
0.558754 -4.071735
0.561139 -4.074171
0.563525 -4.076455
0.565911 -4.078580
0.568297 -4.080542
0.570682 -4.082336
0.573068 -4.083959
0.575454 -4.085409
0.577839 -4.086686
0.580225 -4.087788
0.582611 -4.088719
0.584997 -4.089479
0.587383 -4.090074
0.589768 -4.090508
0.592154 -4.090786
0.594540 -4.090917
0.596925 -4.090909
0.599311 -4.090769
0.601697 -4.090510
0.604083 -4.090142
0.606468 -4.089675
0.608854 -4.089124
0.611240 -4.088500
0.613626 -4.087817
0.616012 -4.087088
0.618397 -4.086326
0.620783 -4.085546
0.623169 -4.084760
0.625554 -4.083981
0.627940 -4.083223
0.630326 -4.082497
0.632712 -4.081814
0.635097 -4.081185
0.637483 -4.080620
0.639869 -4.080126
0.642255 -4.079712
0.644640 -4.079384
0.647026 -4.079146
0.649412 -4.079002
0.651798 -4.078953


0.000000 -4.078953
0.001377 -4.078955
0.002755 -4.078962
0.004132 -4.078973
0.005510 -4.078989
0.006887 -4.079009
0.008264 -4.079034
0.009642 -4.079063
0.011019 -4.079097
0.012397 -4.079135
0.013774 -4.079177
0.015152 -4.079223
0.016529 -4.079274
0.017906 -4.079329
0.019284 -4.079388
0.020661 -4.079451
0.022039 -4.079519
0.023416 -4.079590
0.024793 -4.079665
0.026171 -4.079744
0.027548 -4.079826
0.028926 -4.079912
0.030303 -4.080002
0.031680 -4.080096
0.033058 -4.080192
0.034435 -4.080292
0.035813 -4.080395
0.037190 -4.080501
0.038567 -4.080611
0.039945 -4.080723
0.041322 -4.080837
0.042700 -4.080955
0.044077 -4.081075
0.045455 -4.081197
0.046832 -4.081322
0.048209 -4.081449
0.049587 -4.081578
0.050964 -4.081708
0.052342 -4.081841
0.053719 -4.081975
0.055096 -4.082111
0.056474 -4.082248
0.057851 -4.082387
0.059229 -4.082526
0.060606 -4.082667
0.061983 -4.082808
0.063361 -4.082950
0.064738 -4.083093
0.066116 -4.083236
0.067493 -4.083379
0.068871 -4.083523
0.070248 -4.083666
0.071625 -4.083809
0.073003 -4.083952
0.074380 -4.084095
0.075758 -4.084237
0.077135 -4.084378
0.078512 -4.084519
0.079890 -4.084658
0.081267 -4.084796
0.082645 -4.084934
0.084022 -4.085069
0.085399 -4.085203
0.086777 -4.085336
0.088154 -4.085467
0.089532 -4.085595
0.090909 -4.085722
0.092286 -4.085847
0.093664 -4.085969
0.095041 -4.086089
0.096419 -4.086206
0.097796 -4.086321
0.099174 -4.086433
0.100551 -4.086542
0.101928 -4.086648
0.103306 -4.086750
0.104683 -4.086850
0.106061 -4.086947
0.107438 -4.087040
0.108815 -4.087129
0.110193 -4.087215
0.111570 -4.087298
0.112948 -4.087377
0.114325 -4.087451
0.115702 -4.087523
0.117080 -4.087590
0.118457 -4.087653
0.119835 -4.087712
0.121212 -4.087766
0.122590 -4.087817
0.123967 -4.087864
0.125344 -4.087906
0.126722 -4.087943
0.128099 -4.087977
0.129477 -4.088006
0.130854 -4.088031
0.132231 -4.088051
0.133609 -4.088067
0.134986 -4.088078
0.136364 -4.088085
0.137741 -4.088087

0.137741 -4.088087
0.139119 -4.088020
0.140496 -4.087819
0.141873 -4.087485
0.143251 -4.087018
0.144628 -4.086418
0.146006 -4.085686
0.147383 -4.084822
0.148760 -4.083828
0.150138 -4.082705
0.151515 -4.081453
0.152893 -4.080075
0.154270 -4.078571
0.155647 -4.076944
0.157025 -4.075196
0.158402 -4.073327
0.159780 -4.071342
0.161157 -4.069241
0.162534 -4.067028
0.163912 -4.064705
0.165289 -4.062274
0.166667 -4.059738
0.168044 -4.057101
0.169422 -4.054364
0.170799 -4.051531
0.172176 -4.048604
0.173554 -4.045587
0.174931 -4.042483
0.176309 -4.039294
0.177686 -4.036024
0.179063 -4.032675
0.180441 -4.029250
0.181818 -4.025753
0.183196 -4.022186
0.184573 -4.018553
0.185950 -4.014855
0.187328 -4.011096
0.188705 -4.007278
0.190083 -4.003403
0.191460 -3.999475
0.192837 -3.995496
0.194215 -3.991468
0.195592 -3.987393
0.196970 -3.983274
0.198347 -3.979112
0.199724 -3.974910
0.201102 -3.970670
0.202479 -3.966392
0.203857 -3.962080
0.205234 -3.957734
0.206612 -3.953357
0.207989 -3.948950
0.209366 -3.944515
0.210744 -3.940053
0.212121 -3.935565
0.213499 -3.931055
0.214876 -3.926523
0.216253 -3.921971
0.217631 -3.917401
0.219008 -3.912816
0.220386 -3.908217
0.221763 -3.903608
0.223140 -3.898992
0.224518 -3.894371
0.225895 -3.889749
0.227273 -3.885131
0.228650 -3.880521
0.230027 -3.875924
0.231405 -3.871347
0.232782 -3.866795
0.234160 -3.869243
0.235537 -3.872371
0.236915 -3.874904
0.238292 -3.876857
0.239669 -3.878248
0.241047 -3.879094
0.242424 -3.879417
0.243802 -3.879239
0.245179 -3.878582
0.246557 -3.877472
0.247934 -3.875937
0.249311 -3.874003
0.250689 -3.871701
0.252066 -3.869062
0.253443 -3.866120
0.254821 -3.862907
0.256198 -3.859459
0.257576 -3.855813
0.258953 -3.852005
0.260331 -3.848073
0.261708 -3.844057
0.263085 -3.839995
0.264463 -3.835926
0.265840 -3.831889
0.267218 -3.827922
0.268595 -3.824063
0.269973 -3.820348
0.271350 -3.816811
0.272727 -3.813486
0.274105 -3.810402
0.275482 -3.807589

0.275482 -3.807589
0.276859 -3.807617
0.278237 -3.807703
0.279614 -3.807846
0.280992 -3.808045
0.282369 -3.808302
0.283747 -3.808614
0.285124 -3.808983
0.286501 -3.809408
0.287879 -3.809888
0.289256 -3.810422
0.290634 -3.811011
0.292011 -3.811654
0.293388 -3.812349
0.294766 -3.813097
0.296143 -3.813897
0.297521 -3.814747
0.298898 -3.815646
0.300275 -3.816595
0.301653 -3.817591
0.303030 -3.818635
0.304408 -3.819724
0.305785 -3.820858
0.307163 -3.822035
0.308540 -3.823255
0.309917 -3.824516
0.311295 -3.825817
0.312672 -3.827156
0.314050 -3.828532
0.315427 -3.829945
0.316804 -3.831391
0.318182 -3.832870
0.319559 -3.834381
0.320937 -3.835921
0.322314 -3.837490
0.323692 -3.839085
0.325069 -3.840705
0.326446 -3.842349
0.327824 -3.844014
0.329201 -3.845700
0.330578 -3.847404
0.331956 -3.849125
0.333333 -3.850861
0.334711 -3.852610
0.336088 -3.854370
0.337466 -3.856141
0.338843 -3.857919
0.340220 -3.859704
0.341598 -3.861493
0.342975 -3.863285
0.344353 -3.865078
0.345730 -3.866870
0.347107 -3.868659
0.348485 -3.870444
0.349862 -3.872223
0.351240 -3.873994
0.352617 -3.875755
0.353994 -3.877505
0.355372 -3.879242
0.356749 -3.880965
0.358127 -3.882671
0.359504 -3.884358
0.360882 -3.886027
0.362259 -3.887673
0.363636 -3.889297
0.365014 -3.890897
0.366391 -3.892470
0.367769 -3.894016
0.369146 -3.895533
0.370523 -3.897019
0.371901 -3.898473
0.373278 -3.899894
0.374656 -3.901280
0.376033 -3.902631
0.377410 -3.903943
0.378788 -3.905218
0.380165 -3.906452
0.381543 -3.907646
0.382920 -3.908797
0.384298 -3.909905
0.385675 -3.910969
0.387052 -3.911987
0.388430 -3.912960
0.389807 -3.913885
0.391185 -3.914762
0.392562 -3.915590
0.393939 -3.916368
0.395317 -3.917096
0.396694 -3.917773
0.398072 -3.918398
0.399449 -3.918971
0.400826 -3.922579
0.402204 -3.926186
0.403581 -3.929434
0.404959 -3.932298
0.406336 -3.934757
0.407714 -3.936791
0.409091 -3.938387
0.410468 -3.939535
0.411846 -3.940226
0.413223 -3.940457

0.413223 -3.940457
0.415609 -3.939912
0.417995 -3.938350
0.420380 -3.935940
0.422766 -3.932840
0.425152 -3.929141
0.427538 -3.924870
0.429923 -3.925059
0.432309 -3.925824
0.434695 -3.926548
0.437081 -3.927397
0.439466 -3.928568
0.441852 -3.929843
0.444238 -3.931221
0.446624 -3.932699
0.449009 -3.934276
0.451395 -3.935950
0.453781 -3.937720
0.456166 -3.939583
0.458552 -3.941539
0.460938 -3.943585
0.463324 -3.945721
0.465709 -3.947944
0.468095 -3.950254
0.470481 -3.952648
0.472867 -3.955127
0.475253 -3.957688
0.477638 -3.960330
0.480024 -3.963052
0.482410 -3.965852
0.484795 -3.968728
0.487181 -3.971680
0.489567 -3.974705
0.491953 -3.977800
0.494339 -3.980964
0.496724 -3.984193
0.499110 -3.987485
0.501496 -3.990836
0.503881 -3.994241
0.506267 -3.997697
0.508653 -4.001199
0.511039 -4.004741
0.513424 -4.008317
0.515810 -4.011921
0.518196 -4.015545
0.520582 -4.019184
0.522967 -4.022827
0.525353 -4.026468
0.527739 -4.030097
0.530125 -4.033705
0.532510 -4.037282
0.534896 -4.040819
0.537282 -4.044305
0.539668 -4.047730
0.542053 -4.051085
0.544439 -4.054358
0.546825 -4.057539
0.549211 -4.060619
0.551596 -4.063588
0.553982 -4.066436
0.556368 -4.069154
0.558754 -4.071735
0.561139 -4.074171
0.563525 -4.076455
0.565911 -4.078580
0.568297 -4.080542
0.570682 -4.082336
0.573068 -4.083959
0.575454 -4.085409
0.577839 -4.086686
0.580225 -4.087788
0.582611 -4.088719
0.584997 -4.089479
0.587383 -4.090074
0.589768 -4.090508
0.592154 -4.090786
0.594540 -4.090917
0.596925 -4.090909
0.599311 -4.090769
0.601697 -4.090510
0.604083 -4.090142
0.606468 -4.089675
0.608854 -4.089124
0.611240 -4.088500
0.613626 -4.087817
0.616012 -4.087088
0.618397 -4.086326
0.620783 -4.085546
0.623169 -4.084760
0.625554 -4.083981
0.627940 -4.083223
0.630326 -4.082497
0.632712 -4.081814
0.635097 -4.081185
0.637483 -4.080620
0.639869 -4.080126
0.642255 -4.079712
0.644640 -4.079384
0.647026 -4.079146
0.649412 -4.079002
0.651798 -4.078953


0.000000 -4.078953
0.001377 -4.078934
0.002755 -4.078877
0.004132 -4.078783
0.005510 -4.078650
0.006887 -4.078480
0.008264 -4.078272
0.009642 -4.078027
0.011019 -4.077744
0.012397 -4.077423
0.013774 -4.077065
0.015152 -4.076670
0.016529 -4.076238
0.017906 -4.075770
0.019284 -4.075264
0.020661 -4.074722
0.022039 -4.074144
0.023416 -4.073530
0.024793 -4.072880
0.026171 -4.072195
0.027548 -4.071475
0.028926 -4.070719
0.030303 -4.069929
0.031680 -4.069105
0.033058 -4.068246
0.034435 -4.067355
0.035813 -4.066430
0.037190 -4.065472
0.038567 -4.064482
0.039945 -4.063460
0.041322 -4.062407
0.042700 -4.061322
0.044077 -4.060208
0.045455 -4.059063
0.046832 -4.057889
0.048209 -4.056686
0.049587 -4.055455
0.050964 -4.054196
0.052342 -4.052910
0.053719 -4.051598
0.055096 -4.050260
0.056474 -4.048897
0.057851 -4.047510
0.059229 -4.046099
0.060606 -4.044665
0.061983 -4.043209
0.063361 -4.041731
0.064738 -4.040233
0.066116 -4.038716
0.067493 -4.037179
0.068871 -4.035625
0.070248 -4.034053
0.071625 -4.032466
0.073003 -4.030863
0.074380 -4.029245
0.075758 -4.027614
0.077135 -4.025971
0.078512 -4.024317
0.079890 -4.022652
0.081267 -4.020977
0.082645 -4.019295
0.084022 -4.017605
0.085399 -4.015909
0.086777 -4.014208
0.088154 -4.012502
0.089532 -4.010794
0.090909 -4.009084
0.092286 -4.007374
0.093664 -4.005664
0.095041 -4.003956
0.096419 -4.002250
0.097796 -4.000548
0.099174 -3.998852
0.100551 -3.997162
0.101928 -3.995479
0.103306 -3.993806
0.104683 -3.992142
0.106061 -3.990489
0.107438 -3.988848
0.108815 -3.987220
0.110193 -3.985608
0.111570 -3.984011
0.112948 -3.982430
0.114325 -3.980868
0.115702 -3.979325
0.117080 -3.977802
0.118457 -3.976301
0.119835 -3.974822
0.121212 -3.973367
0.122590 -3.971936
0.123967 -3.970531
0.125344 -3.969153
0.126722 -3.967802
0.128099 -3.966481
0.129477 -3.965188
0.130854 -3.963927
0.132231 -3.962697
0.133609 -3.961499
0.134986 -3.960334
0.136364 -3.959204
0.137741 -3.958108

0.137741 -3.958108
0.139119 -3.957995
0.140496 -3.957657
0.141873 -3.957093
0.143251 -3.956304
0.144628 -3.955290
0.146006 -3.954051
0.147383 -3.952589
0.148760 -3.950903
0.150138 -3.948994
0.151515 -3.946864
0.152893 -3.944512
0.154270 -3.941940
0.155647 -3.939149
0.157025 -3.936140
0.158402 -3.932914
0.159780 -3.929472
0.161157 -3.925817
0.162534 -3.921949
0.163912 -3.917869
0.165289 -3.913581
0.166667 -3.909085
0.168044 -3.904383
0.169422 -3.899477
0.170799 -3.894369
0.172176 -3.889061
0.173554 -3.883555
0.174931 -3.877855
0.176309 -3.871961
0.177686 -3.865877
0.179063 -3.859604
0.180441 -3.853146
0.181818 -3.846505
0.183196 -3.839684
0.184573 -3.832686
0.185950 -3.825514
0.187328 -3.818171
0.188705 -3.810659
0.190083 -3.802982
0.191460 -3.795143
0.192837 -3.787146
0.194215 -3.778994
0.195592 -3.770690
0.196970 -3.762238
0.198347 -3.753642
0.199724 -3.744905
0.201102 -3.736031
0.202479 -3.727023
0.203857 -3.717887
0.205234 -3.708625
0.206612 -3.699241
0.207989 -3.689740
0.209366 -3.703049
0.210744 -3.717732
0.212121 -3.731809
0.213499 -3.745269
0.214876 -3.758101
0.216253 -3.770294
0.217631 -3.781842
0.219008 -3.792737
0.220386 -3.802976
0.221763 -3.812554
0.223140 -3.821469
0.224518 -3.829723
0.225895 -3.837315
0.227273 -3.844248
0.228650 -3.850527
0.230027 -3.856158
0.231405 -3.861148
0.232782 -3.865506
0.234160 -3.862277
0.235537 -3.857800
0.236915 -3.853373
0.238292 -3.849006
0.239669 -3.844710
0.241047 -3.840498
0.242424 -3.836381
0.243802 -3.832373
0.245179 -3.828491
0.246557 -3.824748
0.247934 -3.821164
0.249311 -3.817753
0.250689 -3.814536
0.252066 -3.811531
0.253443 -3.808757
0.254821 -3.806233
0.256198 -3.803977
0.257576 -3.802009
0.258953 -3.800345
0.260331 -3.799001
0.261708 -3.797993
0.263085 -3.797331
0.264463 -3.797027
0.265840 -3.797087
0.267218 -3.797515
0.268595 -3.798312
0.269973 -3.799475
0.271350 -3.800996
0.272727 -3.802866
0.274105 -3.805069
0.275482 -3.807589

0.275482 -3.807589
0.276859 -3.807617
0.278237 -3.807703
0.279614 -3.807846
0.280992 -3.808045
0.282369 -3.808302
0.283747 -3.808614
0.285124 -3.808983
0.286501 -3.809408
0.287879 -3.809888
0.289256 -3.810422
0.290634 -3.811011
0.292011 -3.811654
0.293388 -3.812349
0.294766 -3.813097
0.296143 -3.813897
0.297521 -3.814747
0.298898 -3.815646
0.300275 -3.816595
0.301653 -3.817591
0.303030 -3.818635
0.304408 -3.819724
0.305785 -3.820858
0.307163 -3.822035
0.308540 -3.823255
0.309917 -3.824516
0.311295 -3.825817
0.312672 -3.827156
0.314050 -3.828532
0.315427 -3.829945
0.316804 -3.831391
0.318182 -3.832870
0.319559 -3.834381
0.320937 -3.835921
0.322314 -3.837490
0.323692 -3.839085
0.325069 -3.840705
0.326446 -3.842349
0.327824 -3.844014
0.329201 -3.845700
0.330578 -3.847404
0.331956 -3.849125
0.333333 -3.850861
0.334711 -3.852610
0.336088 -3.854370
0.337466 -3.856141
0.338843 -3.857919
0.340220 -3.859704
0.341598 -3.861493
0.342975 -3.863285
0.344353 -3.865078
0.345730 -3.866870
0.347107 -3.868659
0.348485 -3.870444
0.349862 -3.872223
0.351240 -3.873994
0.352617 -3.875755
0.353994 -3.877505
0.355372 -3.879242
0.356749 -3.880965
0.358127 -3.882671
0.359504 -3.884358
0.360882 -3.886027
0.362259 -3.887673
0.363636 -3.889297
0.365014 -3.890897
0.366391 -3.892470
0.367769 -3.894016
0.369146 -3.895533
0.370523 -3.897019
0.371901 -3.898473
0.373278 -3.899894
0.374656 -3.901280
0.376033 -3.902631
0.377410 -3.903943
0.378788 -3.905218
0.380165 -3.906452
0.381543 -3.907646
0.382920 -3.908797
0.384298 -3.909905
0.385675 -3.910969
0.387052 -3.911987
0.388430 -3.912960
0.389807 -3.913885
0.391185 -3.914762
0.392562 -3.915590
0.393939 -3.916368
0.395317 -3.917096
0.396694 -3.917773
0.398072 -3.918398
0.399449 -3.918971
0.400826 -3.922579
0.402204 -3.926186
0.403581 -3.929434
0.404959 -3.932298
0.406336 -3.934757
0.407714 -3.936791
0.409091 -3.938387
0.410468 -3.939535
0.411846 -3.940226
0.413223 -3.940457

0.413223 -3.940457
0.415609 -3.939912
0.417995 -3.938350
0.420380 -3.935940
0.422766 -3.932840
0.425152 -3.929141
0.427538 -3.924870
0.429923 -3.924524
0.432309 -3.925374
0.434695 -3.926332
0.437081 -3.927397
0.439466 -3.928568
0.441852 -3.929843
0.444238 -3.931221
0.446624 -3.932699
0.449009 -3.934276
0.451395 -3.935950
0.453781 -3.937720
0.456166 -3.939583
0.458552 -3.941539
0.460938 -3.943585
0.463324 -3.945721
0.465709 -3.947944
0.468095 -3.950254
0.470481 -3.952648
0.472867 -3.955127
0.475253 -3.957688
0.477638 -3.960330
0.480024 -3.963052
0.482410 -3.965852
0.484795 -3.968728
0.487181 -3.971680
0.489567 -3.974705
0.491953 -3.977800
0.494339 -3.980964
0.496724 -3.984193
0.499110 -3.987485
0.501496 -3.990836
0.503881 -3.994241
0.506267 -3.997697
0.508653 -4.001199
0.511039 -4.004741
0.513424 -4.008317
0.515810 -4.011921
0.518196 -4.015545
0.520582 -4.019184
0.522967 -4.022827
0.525353 -4.026468
0.527739 -4.030097
0.530125 -4.033705
0.532510 -4.037282
0.534896 -4.040819
0.537282 -4.044305
0.539668 -4.047730
0.542053 -4.051085
0.544439 -4.054358
0.546825 -4.057539
0.549211 -4.060619
0.551596 -4.063588
0.553982 -4.066436
0.556368 -4.069154
0.558754 -4.071735
0.561139 -4.074171
0.563525 -4.076455
0.565911 -4.078580
0.568297 -4.080542
0.570682 -4.082336
0.573068 -4.083959
0.575454 -4.085409
0.577839 -4.086686
0.580225 -4.087788
0.582611 -4.088719
0.584997 -4.089479
0.587383 -4.090074
0.589768 -4.090508
0.592154 -4.090786
0.594540 -4.090917
0.596925 -4.090909
0.599311 -4.090769
0.601697 -4.090510
0.604083 -4.090142
0.606468 -4.089675
0.608854 -4.089124
0.611240 -4.088500
0.613626 -4.087817
0.616012 -4.087088
0.618397 -4.086326
0.620783 -4.085546
0.623169 -4.084760
0.625554 -4.083981
0.627940 -4.083223
0.630326 -4.082497
0.632712 -4.081814
0.635097 -4.081185
0.637483 -4.080620
0.639869 -4.080126
0.642255 -4.079712
0.644640 -4.079384
0.647026 -4.079146
0.649412 -4.079002
0.651798 -4.078953


0.000000 -4.078953
0.001377 -4.078934
0.002755 -4.078877
0.004132 -4.078783
0.005510 -4.078650
0.006887 -4.078480
0.008264 -4.078272
0.009642 -4.078027
0.011019 -4.077744
0.012397 -4.077423
0.013774 -4.077065
0.015152 -4.076670
0.016529 -4.076238
0.017906 -4.075770
0.019284 -4.075264
0.020661 -4.074722
0.022039 -4.074144
0.023416 -4.073530
0.024793 -4.072880
0.026171 -4.072195
0.027548 -4.071475
0.028926 -4.070719
0.030303 -4.069929
0.031680 -4.069105
0.033058 -4.068246
0.034435 -4.067355
0.035813 -4.066430
0.037190 -4.065472
0.038567 -4.064482
0.039945 -4.063460
0.041322 -4.062407
0.042700 -4.061322
0.044077 -4.060208
0.045455 -4.059063
0.046832 -4.057889
0.048209 -4.056686
0.049587 -4.055455
0.050964 -4.054196
0.052342 -4.052910
0.053719 -4.051598
0.055096 -4.050260
0.056474 -4.048897
0.057851 -4.047510
0.059229 -4.046099
0.060606 -4.044665
0.061983 -4.043209
0.063361 -4.041731
0.064738 -4.040233
0.066116 -4.038716
0.067493 -4.037179
0.068871 -4.035625
0.070248 -4.034053
0.071625 -4.032466
0.073003 -4.030863
0.074380 -4.029245
0.075758 -4.027614
0.077135 -4.025971
0.078512 -4.024317
0.079890 -4.022652
0.081267 -4.020977
0.082645 -4.019295
0.084022 -4.017605
0.085399 -4.015909
0.086777 -4.014208
0.088154 -4.012502
0.089532 -4.010794
0.090909 -4.009084
0.092286 -4.007374
0.093664 -4.005664
0.095041 -4.003956
0.096419 -4.002250
0.097796 -4.000548
0.099174 -3.998852
0.100551 -3.997162
0.101928 -3.995479
0.103306 -3.993806
0.104683 -3.992142
0.106061 -3.990489
0.107438 -3.988848
0.108815 -3.987220
0.110193 -3.985608
0.111570 -3.984011
0.112948 -3.982430
0.114325 -3.980868
0.115702 -3.979325
0.117080 -3.977802
0.118457 -3.976301
0.119835 -3.974822
0.121212 -3.973367
0.122590 -3.971936
0.123967 -3.970531
0.125344 -3.969153
0.126722 -3.967802
0.128099 -3.966481
0.129477 -3.965188
0.130854 -3.963927
0.132231 -3.962697
0.133609 -3.961499
0.134986 -3.960334
0.136364 -3.959204
0.137741 -3.958108

0.137741 -3.958108
0.139119 -3.957995
0.140496 -3.957657
0.141873 -3.957093
0.143251 -3.956304
0.144628 -3.955290
0.146006 -3.954051
0.147383 -3.952589
0.148760 -3.950903
0.150138 -3.948994
0.151515 -3.946864
0.152893 -3.944512
0.154270 -3.941940
0.155647 -3.939149
0.157025 -3.936140
0.158402 -3.932914
0.159780 -3.929472
0.161157 -3.925817
0.162534 -3.921949
0.163912 -3.917869
0.165289 -3.913581
0.166667 -3.909085
0.168044 -3.904383
0.169422 -3.899477
0.170799 -3.894369
0.172176 -3.889061
0.173554 -3.883555
0.174931 -3.877855
0.176309 -3.871961
0.177686 -3.865877
0.179063 -3.859604
0.180441 -3.853146
0.181818 -3.846505
0.183196 -3.839684
0.184573 -3.832686
0.185950 -3.825514
0.187328 -3.818171
0.188705 -3.810659
0.190083 -3.802982
0.191460 -3.795143
0.192837 -3.787146
0.194215 -3.778994
0.195592 -3.770690
0.196970 -3.762238
0.198347 -3.753642
0.199724 -3.744905
0.201102 -3.736031
0.202479 -3.727023
0.203857 -3.717887
0.205234 -3.708625
0.206612 -3.699241
0.207989 -3.689740
0.209366 -3.703049
0.210744 -3.717732
0.212121 -3.731809
0.213499 -3.745269
0.214876 -3.758101
0.216253 -3.770294
0.217631 -3.781842
0.219008 -3.792737
0.220386 -3.802976
0.221763 -3.812554
0.223140 -3.821469
0.224518 -3.829723
0.225895 -3.837315
0.227273 -3.844248
0.228650 -3.850527
0.230027 -3.856158
0.231405 -3.861148
0.232782 -3.865506
0.234160 -3.862277
0.235537 -3.857800
0.236915 -3.853373
0.238292 -3.849006
0.239669 -3.844710
0.241047 -3.840498
0.242424 -3.836381
0.243802 -3.832373
0.245179 -3.828491
0.246557 -3.824748
0.247934 -3.821164
0.249311 -3.817753
0.250689 -3.814536
0.252066 -3.811531
0.253443 -3.808757
0.254821 -3.806233
0.256198 -3.803977
0.257576 -3.802009
0.258953 -3.800345
0.260331 -3.799001
0.261708 -3.797993
0.263085 -3.797331
0.264463 -3.797027
0.265840 -3.797087
0.267218 -3.797515
0.268595 -3.798312
0.269973 -3.799475
0.271350 -3.800996
0.272727 -3.802866
0.274105 -3.805069
0.275482 -3.807589

0.275482 -3.807589
0.276859 -3.807617
0.278237 -3.807703
0.279614 -3.807846
0.280992 -3.808045
0.282369 -3.808302
0.283747 -3.808614
0.285124 -3.808983
0.286501 -3.809408
0.287879 -3.809888
0.289256 -3.810422
0.290634 -3.811011
0.292011 -3.811654
0.293388 -3.812349
0.294766 -3.813097
0.296143 -3.813897
0.297521 -3.814747
0.298898 -3.815646
0.300275 -3.816595
0.301653 -3.817591
0.303030 -3.818635
0.304408 -3.819724
0.305785 -3.820858
0.307163 -3.822035
0.308540 -3.823255
0.309917 -3.824516
0.311295 -3.825817
0.312672 -3.827156
0.314050 -3.828532
0.315427 -3.829945
0.316804 -3.831391
0.318182 -3.832870
0.319559 -3.834381
0.320937 -3.835921
0.322314 -3.837490
0.323692 -3.839085
0.325069 -3.840705
0.326446 -3.842349
0.327824 -3.844014
0.329201 -3.845700
0.330578 -3.847404
0.331956 -3.849125
0.333333 -3.850861
0.334711 -3.852610
0.336088 -3.854370
0.337466 -3.856141
0.338843 -3.857919
0.340220 -3.859704
0.341598 -3.861493
0.342975 -3.863285
0.344353 -3.865078
0.345730 -3.866870
0.347107 -3.868659
0.348485 -3.870444
0.349862 -3.872223
0.351240 -3.873994
0.352617 -3.875755
0.353994 -3.877505
0.355372 -3.879242
0.356749 -3.880965
0.358127 -3.882671
0.359504 -3.884358
0.360882 -3.886027
0.362259 -3.887673
0.363636 -3.889297
0.365014 -3.890897
0.366391 -3.892470
0.367769 -3.894016
0.369146 -3.895533
0.370523 -3.897019
0.371901 -3.898473
0.373278 -3.899894
0.374656 -3.901280
0.376033 -3.902631
0.377410 -3.903943
0.378788 -3.905218
0.380165 -3.906452
0.381543 -3.907646
0.382920 -3.908797
0.384298 -3.909905
0.385675 -3.910969
0.387052 -3.911987
0.388430 -3.912960
0.389807 -3.913885
0.391185 -3.914762
0.392562 -3.915590
0.393939 -3.916368
0.395317 -3.917096
0.396694 -3.917773
0.398072 -3.918398
0.399449 -3.918971
0.400826 -3.922579
0.402204 -3.926186
0.403581 -3.929434
0.404959 -3.932298
0.406336 -3.934757
0.407714 -3.936791
0.409091 -3.938387
0.410468 -3.939535
0.411846 -3.940226
0.413223 -3.940457

0.413223 -3.940457
0.415609 -3.939339
0.417995 -3.935981
0.420380 -3.930375
0.422766 -3.922955
0.425152 -3.923587
0.427538 -3.924300
0.429923 -3.924524
0.432309 -3.925374
0.434695 -3.926332
0.437081 -3.927180
0.439466 -3.927662
0.441852 -3.927933
0.444238 -3.927926
0.446624 -3.927572
0.449009 -3.926797
0.451395 -3.925523
0.453781 -3.923671
0.456166 -3.921157
0.458552 -3.917898
0.460938 -3.913808
0.463324 -3.908798
0.465709 -3.902782
0.468095 -3.895672
0.470481 -3.887379
0.472867 -3.877818
0.475253 -3.866903
0.477638 -3.854549
0.480024 -3.840674
0.482410 -3.825201
0.484795 -3.808052
0.487181 -3.789155
0.489567 -3.768441
0.491953 -3.745846
0.494339 -3.721309
0.496724 -3.694775
0.499110 -3.666196
0.501496 -3.660318
0.503881 -3.655978
0.506267 -3.652437
0.508653 -3.649726
0.511039 -3.647867
0.513424 -3.646881
0.515810 -3.646779
0.518196 -3.647572
0.520582 -3.649260
0.522967 -3.651841
0.525353 -3.655305
0.527739 -3.659639
0.530125 -3.664822
0.532510 -3.670828
0.534896 -3.677626
0.537282 -3.685181
0.539668 -3.693453
0.542053 -3.702395
0.544439 -3.711961
0.546825 -3.722098
0.549211 -3.732750
0.551596 -3.743860
0.553982 -3.755368
0.556368 -3.767213
0.558754 -3.779334
0.561139 -3.791668
0.563525 -3.804152
0.565911 -3.816726
0.568297 -3.829329
0.570682 -3.841902
0.573068 -3.854391
0.575454 -3.866741
0.577839 -3.878902
0.580225 -3.890828
0.582611 -3.902477
0.584997 -3.913811
0.587383 -3.924796
0.589768 -3.935403
0.592154 -3.945610
0.594540 -3.955399
0.596925 -3.964757
0.599311 -3.973676
0.601697 -3.982157
0.604083 -3.990202
0.606468 -3.997822
0.608854 -4.005030
0.611240 -4.011847
0.613626 -4.018297
0.616012 -4.024406
0.618397 -4.030203
0.620783 -4.035718
0.623169 -4.040978
0.625554 -4.046004
0.627940 -4.050805
0.630326 -4.055381
0.632712 -4.059710
0.635097 -4.063757
0.637483 -4.067466
0.639869 -4.070773
0.642255 -4.073606
0.644640 -4.075894
0.647026 -4.077577
0.649412 -4.078607
0.651798 -4.078953


0.000000 -4.078953
0.001377 -4.078820
0.002755 -4.078422
0.004132 -4.077757
0.005510 -4.076827
0.006887 -4.075632
0.008264 -4.074171
0.009642 -4.072445
0.011019 -4.070454
0.012397 -4.068198
0.013774 -4.065677
0.015152 -4.062892
0.016529 -4.059843
0.017906 -4.056531
0.019284 -4.052955
0.020661 -4.049116
0.022039 -4.045014
0.023416 -4.040651
0.024793 -4.036026
0.026171 -4.031140
0.027548 -4.025994
0.028926 -4.020587
0.030303 -4.014921
0.031680 -4.008996
0.033058 -4.002813
0.034435 -3.996372
0.035813 -3.989675
0.037190 -3.982721
0.038567 -3.975512
0.039945 -3.968435
0.041322 -3.967694
0.042700 -3.966943
0.044077 -3.966182
0.045455 -3.965413
0.046832 -3.964637
0.048209 -3.963856
0.049587 -3.963070
0.050964 -3.962282
0.052342 -3.961493
0.053719 -3.960703
0.055096 -3.959916
0.056474 -3.959131
0.057851 -3.958350
0.059229 -3.957575
0.060606 -3.956807
0.061983 -3.956047
0.063361 -3.955298
0.064738 -3.954560
0.066116 -3.953834
0.067493 -3.953123
0.068871 -3.952426
0.070248 -3.951747
0.071625 -3.951086
0.073003 -3.950444
0.074380 -3.949822
0.075758 -3.949223
0.077135 -3.948647
0.078512 -3.948095
0.079890 -3.947568
0.081267 -3.947068
0.082645 -3.946596
0.084022 -3.946153
0.085399 -3.945739
0.086777 -3.945357
0.088154 -3.945006
0.089532 -3.944688
0.090909 -3.944404
0.092286 -3.944154
0.093664 -3.943939
0.095041 -3.943761
0.096419 -3.943619
0.097796 -3.943515
0.099174 -3.943450
0.100551 -3.943422
0.101928 -3.943434
0.103306 -3.943486
0.104683 -3.943578
0.106061 -3.943710
0.107438 -3.943884
0.108815 -3.944098
0.110193 -3.944354
0.111570 -3.944652
0.112948 -3.944991
0.114325 -3.945372
0.115702 -3.945795
0.117080 -3.946260
0.118457 -3.946766
0.119835 -3.947315
0.121212 -3.947905
0.122590 -3.948536
0.123967 -3.949208
0.125344 -3.949922
0.126722 -3.950676
0.128099 -3.951469
0.129477 -3.952303
0.130854 -3.953176
0.132231 -3.954087
0.133609 -3.955037
0.134986 -3.956024
0.136364 -3.957048
0.137741 -3.958108

0.137741 -3.958108
0.139119 -3.957700
0.140496 -3.956477
0.141873 -3.954441
0.143251 -3.951594
0.144628 -3.947941
0.146006 -3.943486
0.147383 -3.938236
0.148760 -3.932199
0.150138 -3.925381
0.151515 -3.917794
0.152893 -3.909447
0.154270 -3.900353
0.155647 -3.890523
0.157025 -3.879972
0.158402 -3.868713
0.159780 -3.856764
0.161157 -3.844141
0.162534 -3.830861
0.163912 -3.816944
0.165289 -3.802409
0.166667 -3.787278
0.168044 -3.771572
0.169422 -3.755314
0.170799 -3.738529
0.172176 -3.721241
0.173554 -3.703475
0.174931 -3.685259
0.176309 -3.666620
0.177686 -3.647587
0.179063 -3.628189
0.180441 -3.608456
0.181818 -3.588419
0.183196 -3.568110
0.184573 -3.547561
0.185950 -3.526805
0.187328 -3.505876
0.188705 -3.484808
0.190083 -3.463635
0.191460 -3.465390
0.192837 -3.486147
0.194215 -3.506594
0.195592 -3.526698
0.196970 -3.546430
0.198347 -3.565761
0.199724 -3.584665
0.201102 -3.603116
0.202479 -3.621089
0.203857 -3.638562
0.205234 -3.655513
0.206612 -3.671923
0.207989 -3.687774
0.209366 -3.680127
0.210744 -3.670404
0.212121 -3.660577
0.213499 -3.650649
0.214876 -3.640625
0.216253 -3.630510
0.217631 -3.620308
0.219008 -3.610023
0.220386 -3.599661
0.221763 -3.589225
0.223140 -3.578720
0.224518 -3.568152
0.225895 -3.557524
0.227273 -3.546842
0.228650 -3.536110
0.230027 -3.525334
0.231405 -3.514517
0.232782 -3.503666
0.234160 -3.492784
0.235537 -3.481877
0.236915 -3.470950
0.238292 -3.460008
0.239669 -3.449055
0.241047 -3.438097
0.242424 -3.427138
0.243802 -3.416184
0.245179 -3.405240
0.246557 -3.394310
0.247934 -3.383399
0.249311 -3.372513
0.250689 -3.361656
0.252066 -3.350833
0.253443 -3.340049
0.254821 -3.329309
0.256198 -3.318617
0.257576 -3.307979
0.258953 -3.297398
0.260331 -3.286880
0.261708 -3.276429
0.263085 -3.266050
0.264463 -3.255747
0.265840 -3.245524
0.267218 -3.235386
0.268595 -3.225337
0.269973 -3.215382
0.271350 -3.205523
0.272727 -3.195766
0.274105 -3.186114
0.275482 -3.176571

0.275482 -3.176571
0.276859 -3.176779
0.278237 -3.177401
0.279614 -3.178436
0.280992 -3.179884
0.282369 -3.181741
0.283747 -3.184007
0.285124 -3.186677
0.286501 -3.189748
0.287879 -3.193215
0.289256 -3.197075
0.290634 -3.201321
0.292011 -3.205949
0.293388 -3.210951
0.294766 -3.216321
0.296143 -3.222053
0.297521 -3.228138
0.298898 -3.234569
0.300275 -3.241337
0.301653 -3.248433
0.303030 -3.255849
0.304408 -3.263574
0.305785 -3.271600
0.307163 -3.279915
0.308540 -3.288510
0.309917 -3.297374
0.311295 -3.306497
0.312672 -3.315866
0.314050 -3.325471
0.315427 -3.335300
0.316804 -3.345342
0.318182 -3.355585
0.319559 -3.366017
0.320937 -3.376626
0.322314 -3.387401
0.323692 -3.398328
0.325069 -3.409395
0.326446 -3.420592
0.327824 -3.431904
0.329201 -3.443321
0.330578 -3.454829
0.331956 -3.466418
0.333333 -3.478073
0.334711 -3.489784
0.336088 -3.501539
0.337466 -3.513325
0.338843 -3.525131
0.340220 -3.536945
0.341598 -3.548755
0.342975 -3.560550
0.344353 -3.572319
0.345730 -3.584050
0.347107 -3.595732
0.348485 -3.607354
0.349862 -3.618907
0.351240 -3.630378
0.352617 -3.641758
0.353994 -3.653036
0.355372 -3.664204
0.356749 -3.675250
0.358127 -3.686165
0.359504 -3.696940
0.360882 -3.707566
0.362259 -3.718035
0.363636 -3.728337
0.365014 -3.738464
0.366391 -3.748408
0.367769 -3.758161
0.369146 -3.767717
0.370523 -3.777067
0.371901 -3.786205
0.373278 -3.795124
0.374656 -3.803820
0.376033 -3.812285
0.377410 -3.820515
0.378788 -3.828505
0.380165 -3.836252
0.381543 -3.843752
0.382920 -3.851003
0.384298 -3.858003
0.385675 -3.864752
0.387052 -3.871249
0.388430 -3.877498
0.389807 -3.883499
0.391185 -3.889257
0.392562 -3.894774
0.393939 -3.900051
0.395317 -3.905086
0.396694 -3.909872
0.398072 -3.914397
0.399449 -3.918640
0.400826 -3.919490
0.402204 -3.919957
0.403581 -3.920369
0.404959 -3.920728
0.406336 -3.921032
0.407714 -3.921281
0.409091 -3.921474
0.410468 -3.921613
0.411846 -3.921696
0.413223 -3.921724

0.413223 -3.921724
0.415609 -3.921805
0.417995 -3.922045
0.420380 -3.922434
0.422766 -3.922955
0.425152 -3.923587
0.427538 -3.924300
0.429923 -3.924524
0.432309 -3.925374
0.434695 -3.926332
0.437081 -3.927180
0.439466 -3.927662
0.441852 -3.927933
0.444238 -3.927926
0.446624 -3.927572
0.449009 -3.926797
0.451395 -3.925523
0.453781 -3.923671
0.456166 -3.921157
0.458552 -3.917898
0.460938 -3.913808
0.463324 -3.908798
0.465709 -3.902782
0.468095 -3.895672
0.470481 -3.887379
0.472867 -3.877818
0.475253 -3.866903
0.477638 -3.854549
0.480024 -3.840674
0.482410 -3.825201
0.484795 -3.808052
0.487181 -3.789155
0.489567 -3.768441
0.491953 -3.745846
0.494339 -3.721309
0.496724 -3.694775
0.499110 -3.666196
0.501496 -3.660318
0.503881 -3.655978
0.506267 -3.652437
0.508653 -3.649726
0.511039 -3.647867
0.513424 -3.646881
0.515810 -3.646779
0.518196 -3.647572
0.520582 -3.649260
0.522967 -3.651841
0.525353 -3.655305
0.527739 -3.659639
0.530125 -3.664822
0.532510 -3.670828
0.534896 -3.677626
0.537282 -3.685181
0.539668 -3.693453
0.542053 -3.702395
0.544439 -3.711961
0.546825 -3.722098
0.549211 -3.732750
0.551596 -3.743860
0.553982 -3.755368
0.556368 -3.767213
0.558754 -3.779334
0.561139 -3.791668
0.563525 -3.804152
0.565911 -3.816726
0.568297 -3.829329
0.570682 -3.841902
0.573068 -3.854391
0.575454 -3.866741
0.577839 -3.878902
0.580225 -3.890828
0.582611 -3.902477
0.584997 -3.913811
0.587383 -3.924796
0.589768 -3.935403
0.592154 -3.945610
0.594540 -3.955399
0.596925 -3.964757
0.599311 -3.973676
0.601697 -3.982157
0.604083 -3.990202
0.606468 -3.997822
0.608854 -4.005030
0.611240 -4.011847
0.613626 -4.018297
0.616012 -4.024406
0.618397 -4.030203
0.620783 -4.035718
0.623169 -4.040978
0.625554 -4.046004
0.627940 -4.050805
0.630326 -4.055381
0.632712 -4.059710
0.635097 -4.063757
0.637483 -4.067466
0.639869 -4.070773
0.642255 -4.073606
0.644640 -4.075894
0.647026 -4.077577
0.649412 -4.078607
0.651798 -4.078953


0.000000 -4.078953
0.001377 -4.078820
0.002755 -4.078422
0.004132 -4.077757
0.005510 -4.076827
0.006887 -4.075632
0.008264 -4.074171
0.009642 -4.072445
0.011019 -4.070454
0.012397 -4.068198
0.013774 -4.065677
0.015152 -4.062892
0.016529 -4.059843
0.017906 -4.056531
0.019284 -4.052955
0.020661 -4.049116
0.022039 -4.045014
0.023416 -4.040651
0.024793 -4.036026
0.026171 -4.031140
0.027548 -4.025994
0.028926 -4.020587
0.030303 -4.014921
0.031680 -4.008996
0.033058 -4.002813
0.034435 -3.996372
0.035813 -3.989675
0.037190 -3.982721
0.038567 -3.975512
0.039945 -3.968435
0.041322 -3.967694
0.042700 -3.966943
0.044077 -3.966182
0.045455 -3.965413
0.046832 -3.964637
0.048209 -3.963856
0.049587 -3.963070
0.050964 -3.962282
0.052342 -3.961493
0.053719 -3.960703
0.055096 -3.959916
0.056474 -3.959131
0.057851 -3.958350
0.059229 -3.957575
0.060606 -3.956807
0.061983 -3.956047
0.063361 -3.955298
0.064738 -3.954560
0.066116 -3.953834
0.067493 -3.953123
0.068871 -3.952426
0.070248 -3.951747
0.071625 -3.951086
0.073003 -3.950444
0.074380 -3.949822
0.075758 -3.949223
0.077135 -3.948647
0.078512 -3.948095
0.079890 -3.947568
0.081267 -3.947068
0.082645 -3.946596
0.084022 -3.946153
0.085399 -3.945739
0.086777 -3.945357
0.088154 -3.945006
0.089532 -3.944688
0.090909 -3.944404
0.092286 -3.944154
0.093664 -3.943939
0.095041 -3.943761
0.096419 -3.943619
0.097796 -3.943515
0.099174 -3.943450
0.100551 -3.943422
0.101928 -3.943434
0.103306 -3.943486
0.104683 -3.943578
0.106061 -3.943710
0.107438 -3.943884
0.108815 -3.944098
0.110193 -3.944354
0.111570 -3.944652
0.112948 -3.944991
0.114325 -3.945372
0.115702 -3.945795
0.117080 -3.946260
0.118457 -3.946766
0.119835 -3.947315
0.121212 -3.947905
0.122590 -3.948536
0.123967 -3.949208
0.125344 -3.949922
0.126722 -3.950676
0.128099 -3.951469
0.129477 -3.952303
0.130854 -3.953176
0.132231 -3.954087
0.133609 -3.955037
0.134986 -3.956024
0.136364 -3.957048
0.137741 -3.958108

0.137741 -3.958108
0.139119 -3.957700
0.140496 -3.956477
0.141873 -3.954441
0.143251 -3.951594
0.144628 -3.947941
0.146006 -3.943486
0.147383 -3.938236
0.148760 -3.932199
0.150138 -3.925381
0.151515 -3.917794
0.152893 -3.909447
0.154270 -3.900353
0.155647 -3.890523
0.157025 -3.879972
0.158402 -3.868713
0.159780 -3.856764
0.161157 -3.844141
0.162534 -3.830861
0.163912 -3.816944
0.165289 -3.802409
0.166667 -3.787278
0.168044 -3.771572
0.169422 -3.755314
0.170799 -3.738529
0.172176 -3.721241
0.173554 -3.703475
0.174931 -3.685259
0.176309 -3.666620
0.177686 -3.647587
0.179063 -3.628189
0.180441 -3.608456
0.181818 -3.588419
0.183196 -3.568110
0.184573 -3.547561
0.185950 -3.526805
0.187328 -3.505876
0.188705 -3.484808
0.190083 -3.463635
0.191460 -3.465390
0.192837 -3.486147
0.194215 -3.506594
0.195592 -3.526698
0.196970 -3.546430
0.198347 -3.565761
0.199724 -3.584665
0.201102 -3.603116
0.202479 -3.621089
0.203857 -3.638562
0.205234 -3.655513
0.206612 -3.671923
0.207989 -3.687774
0.209366 -3.680127
0.210744 -3.670404
0.212121 -3.660577
0.213499 -3.650649
0.214876 -3.640625
0.216253 -3.630510
0.217631 -3.620308
0.219008 -3.610023
0.220386 -3.599661
0.221763 -3.589225
0.223140 -3.578720
0.224518 -3.568152
0.225895 -3.557524
0.227273 -3.546842
0.228650 -3.536110
0.230027 -3.525334
0.231405 -3.514517
0.232782 -3.503666
0.234160 -3.492784
0.235537 -3.481877
0.236915 -3.470950
0.238292 -3.460008
0.239669 -3.449055
0.241047 -3.438097
0.242424 -3.427138
0.243802 -3.416184
0.245179 -3.405240
0.246557 -3.394310
0.247934 -3.383399
0.249311 -3.372513
0.250689 -3.361656
0.252066 -3.350833
0.253443 -3.340049
0.254821 -3.329309
0.256198 -3.318617
0.257576 -3.307979
0.258953 -3.297398
0.260331 -3.286880
0.261708 -3.276429
0.263085 -3.266050
0.264463 -3.255747
0.265840 -3.245524
0.267218 -3.235386
0.268595 -3.225337
0.269973 -3.215382
0.271350 -3.205523
0.272727 -3.195766
0.274105 -3.186114
0.275482 -3.176571

0.275482 -3.176571
0.276859 -3.176779
0.278237 -3.177401
0.279614 -3.178436
0.280992 -3.179884
0.282369 -3.181741
0.283747 -3.184007
0.285124 -3.186677
0.286501 -3.189748
0.287879 -3.193215
0.289256 -3.197075
0.290634 -3.201321
0.292011 -3.205949
0.293388 -3.210951
0.294766 -3.216321
0.296143 -3.222053
0.297521 -3.228138
0.298898 -3.234569
0.300275 -3.241337
0.301653 -3.248433
0.303030 -3.255849
0.304408 -3.263574
0.305785 -3.271600
0.307163 -3.279915
0.308540 -3.288510
0.309917 -3.297374
0.311295 -3.306497
0.312672 -3.315866
0.314050 -3.325471
0.315427 -3.335300
0.316804 -3.345342
0.318182 -3.355585
0.319559 -3.366017
0.320937 -3.376626
0.322314 -3.387401
0.323692 -3.398328
0.325069 -3.409395
0.326446 -3.420592
0.327824 -3.431904
0.329201 -3.443321
0.330578 -3.454829
0.331956 -3.466418
0.333333 -3.478073
0.334711 -3.489784
0.336088 -3.501539
0.337466 -3.513325
0.338843 -3.525131
0.340220 -3.536945
0.341598 -3.548755
0.342975 -3.560550
0.344353 -3.572319
0.345730 -3.584050
0.347107 -3.595732
0.348485 -3.607354
0.349862 -3.618907
0.351240 -3.630378
0.352617 -3.641758
0.353994 -3.653036
0.355372 -3.664204
0.356749 -3.675250
0.358127 -3.686165
0.359504 -3.696940
0.360882 -3.707566
0.362259 -3.718035
0.363636 -3.728337
0.365014 -3.738464
0.366391 -3.748408
0.367769 -3.758161
0.369146 -3.767717
0.370523 -3.777067
0.371901 -3.786205
0.373278 -3.795124
0.374656 -3.803820
0.376033 -3.812285
0.377410 -3.820515
0.378788 -3.828505
0.380165 -3.836252
0.381543 -3.843752
0.382920 -3.851003
0.384298 -3.858003
0.385675 -3.864752
0.387052 -3.871249
0.388430 -3.877498
0.389807 -3.883499
0.391185 -3.889257
0.392562 -3.894774
0.393939 -3.900051
0.395317 -3.905086
0.396694 -3.909872
0.398072 -3.914397
0.399449 -3.918640
0.400826 -3.919490
0.402204 -3.919957
0.403581 -3.920369
0.404959 -3.920728
0.406336 -3.921032
0.407714 -3.921281
0.409091 -3.921474
0.410468 -3.921613
0.411846 -3.921696
0.413223 -3.921724

0.413223 -3.921724
0.415609 -3.921805
0.417995 -3.922045
0.420380 -3.922434
0.422766 -3.922643
0.425152 -3.923158
0.427538 -3.923786
0.429923 -3.920026
0.432309 -3.914609
0.434695 -3.908620
0.437081 -3.902072
0.439466 -3.894982
0.441852 -3.887375
0.444238 -3.879279
0.446624 -3.870728
0.449009 -3.861759
0.451395 -3.852411
0.453781 -3.842729
0.456166 -3.832757
0.458552 -3.822544
0.460938 -3.812141
0.463324 -3.801599
0.465709 -3.790974
0.468095 -3.780320
0.470481 -3.769695
0.472867 -3.759156
0.475253 -3.748762
0.477638 -3.738572
0.480024 -3.728643
0.482410 -3.719036
0.484795 -3.709808
0.487181 -3.701014
0.489567 -3.692711
0.491953 -3.684951
0.494339 -3.677785
0.496724 -3.671261
0.499110 -3.665425
0.501496 -3.660318
0.503881 -3.655978
0.506267 -3.652437
0.508653 -3.649726
0.511039 -3.647867
0.513424 -3.646881
0.515810 -3.646779
0.518196 -3.647572
0.520582 -3.649260
0.522967 -3.651841
0.525353 -3.655305
0.527739 -3.659639
0.530125 -3.664822
0.532510 -3.670828
0.534896 -3.677626
0.537282 -3.685181
0.539668 -3.693453
0.542053 -3.702395
0.544439 -3.711961
0.546825 -3.722098
0.549211 -3.732750
0.551596 -3.743860
0.553982 -3.755368
0.556368 -3.767213
0.558754 -3.779334
0.561139 -3.791668
0.563525 -3.804152
0.565911 -3.816726
0.568297 -3.829329
0.570682 -3.841902
0.573068 -3.854391
0.575454 -3.866741
0.577839 -3.878902
0.580225 -3.890828
0.582611 -3.902477
0.584997 -3.913811
0.587383 -3.924796
0.589768 -3.935403
0.592154 -3.945610
0.594540 -3.955399
0.596925 -3.964757
0.599311 -3.973676
0.601697 -3.982157
0.604083 -3.990202
0.606468 -3.997822
0.608854 -4.005030
0.611240 -4.011847
0.613626 -4.018297
0.616012 -4.024406
0.618397 -4.030203
0.620783 -4.035718
0.623169 -4.040978
0.625554 -4.046004
0.627940 -4.050805
0.630326 -4.055381
0.632712 -4.059710
0.635097 -4.063757
0.637483 -4.067466
0.639869 -4.070773
0.642255 -4.073606
0.644640 -4.075894
0.647026 -4.077577
0.649412 -4.078607
0.651798 -4.078953


0.000000 -3.980551
0.001377 -3.980535
0.002755 -3.980487
0.004132 -3.980406
0.005510 -3.980292
0.006887 -3.980147
0.008264 -3.979970
0.009642 -3.979762
0.011019 -3.979523
0.012397 -3.979252
0.013774 -3.978952
0.015152 -3.978622
0.016529 -3.978262
0.017906 -3.977874
0.019284 -3.977458
0.020661 -3.977015
0.022039 -3.976545
0.023416 -3.976049
0.024793 -3.975529
0.026171 -3.974984
0.027548 -3.974416
0.028926 -3.973826
0.030303 -3.973215
0.031680 -3.972584
0.033058 -3.971934
0.034435 -3.971265
0.035813 -3.970580
0.037190 -3.969879
0.038567 -3.969164
0.039945 -3.968049
0.041322 -3.960331
0.042700 -3.952360
0.044077 -3.944137
0.045455 -3.935663
0.046832 -3.926938
0.048209 -3.917963
0.049587 -3.908739
0.050964 -3.899268
0.052342 -3.889550
0.053719 -3.879586
0.055096 -3.869377
0.056474 -3.858923
0.057851 -3.848227
0.059229 -3.837289
0.060606 -3.826111
0.061983 -3.814692
0.063361 -3.803035
0.064738 -3.791140
0.066116 -3.779009
0.067493 -3.766642
0.068871 -3.754042
0.070248 -3.741208
0.071625 -3.728143
0.073003 -3.714846
0.074380 -3.701321
0.075758 -3.687567
0.077135 -3.673586
0.078512 -3.659380
0.079890 -3.644949
0.081267 -3.630294
0.082645 -3.615418
0.084022 -3.600321
0.085399 -3.585005
0.086777 -3.569470
0.088154 -3.553719
0.089532 -3.537752
0.090909 -3.521571
0.092286 -3.505177
0.093664 -3.488571
0.095041 -3.471755
0.096419 -3.454730
0.097796 -3.437498
0.099174 -3.420060
0.100551 -3.402416
0.101928 -3.384570
0.103306 -3.366521
0.104683 -3.348271
0.106061 -3.329822
0.107438 -3.311175
0.108815 -3.292331
0.110193 -3.273292
0.111570 -3.254059
0.112948 -3.234634
0.114325 -3.215018
0.115702 -3.195212
0.117080 -3.175217
0.118457 -3.155036
0.119835 -3.134669
0.121212 -3.114118
0.122590 -3.093384
0.123967 -3.072469
0.125344 -3.051374
0.126722 -3.030100
0.128099 -3.008649
0.129477 -2.987023
0.130854 -2.965222
0.132231 -2.943248
0.133609 -2.921102
0.134986 -2.898787
0.136364 -2.876302
0.137741 -2.853651

0.137741 -2.853651
0.139119 -2.854232
0.140496 -2.855976
0.141873 -2.858875
0.143251 -2.862920
0.144628 -2.868098
0.146006 -2.874392
0.147383 -2.881782
0.148760 -2.890244
0.150138 -2.899750
0.151515 -2.910271
0.152893 -2.921774
0.154270 -2.934223
0.155647 -2.947582
0.157025 -2.961810
0.158402 -2.976865
0.159780 -2.992704
0.161157 -3.009283
0.162534 -3.026555
0.163912 -3.044473
0.165289 -3.062990
0.166667 -3.082058
0.168044 -3.101627
0.169422 -3.121649
0.170799 -3.142076
0.172176 -3.162858
0.173554 -3.183947
0.174931 -3.205296
0.176309 -3.226858
0.177686 -3.248584
0.179063 -3.270431
0.180441 -3.292353
0.181818 -3.314306
0.183196 -3.336247
0.184573 -3.358134
0.185950 -3.379927
0.187328 -3.401587
0.188705 -3.423075
0.190083 -3.444354
0.191460 -3.442392
0.192837 -3.421115
0.194215 -3.399839
0.195592 -3.378600
0.196970 -3.357434
0.198347 -3.336377
0.199724 -3.315463
0.201102 -3.294729
0.202479 -3.274210
0.203857 -3.253939
0.205234 -3.233951
0.206612 -3.214279
0.207989 -3.194954
0.209366 -3.176009
0.210744 -3.157471
0.212121 -3.139370
0.213499 -3.121733
0.214876 -3.104584
0.216253 -3.087946
0.217631 -3.071840
0.219008 -3.056285
0.220386 -3.041295
0.221763 -3.026886
0.223140 -3.013066
0.224518 -2.999844
0.225895 -2.987224
0.227273 -2.975206
0.228650 -2.963788
0.230027 -2.952963
0.231405 -2.944751
0.232782 -2.949590
0.234160 -2.954586
0.235537 -2.959742
0.236915 -2.965057
0.238292 -2.970532
0.239669 -2.976168
0.241047 -2.981965
0.242424 -2.987923
0.243802 -2.994042
0.245179 -3.000321
0.246557 -3.006760
0.247934 -3.013359
0.249311 -3.020117
0.250689 -3.027033
0.252066 -3.034105
0.253443 -3.041333
0.254821 -3.048716
0.256198 -3.056251
0.257576 -3.063938
0.258953 -3.071773
0.260331 -3.079756
0.261708 -3.087884
0.263085 -3.096155
0.264463 -3.104566
0.265840 -3.113115
0.267218 -3.121798
0.268595 -3.130615
0.269973 -3.139560
0.271350 -3.148632
0.272727 -3.157827
0.274105 -3.167141
0.275482 -3.176571

0.275482 -3.176571
0.276859 -3.176779
0.278237 -3.177401
0.279614 -3.178436
0.280992 -3.179884
0.282369 -3.181741
0.283747 -3.184007
0.285124 -3.186677
0.286501 -3.189748
0.287879 -3.193215
0.289256 -3.197075
0.290634 -3.201321
0.292011 -3.205949
0.293388 -3.210951
0.294766 -3.216321
0.296143 -3.222053
0.297521 -3.228138
0.298898 -3.234569
0.300275 -3.241337
0.301653 -3.248433
0.303030 -3.255849
0.304408 -3.263574
0.305785 -3.271600
0.307163 -3.279915
0.308540 -3.288510
0.309917 -3.297374
0.311295 -3.306497
0.312672 -3.315866
0.314050 -3.325471
0.315427 -3.335300
0.316804 -3.345342
0.318182 -3.355585
0.319559 -3.366017
0.320937 -3.376626
0.322314 -3.387401
0.323692 -3.398328
0.325069 -3.409395
0.326446 -3.420592
0.327824 -3.431904
0.329201 -3.443321
0.330578 -3.454829
0.331956 -3.466418
0.333333 -3.478073
0.334711 -3.489784
0.336088 -3.501539
0.337466 -3.513325
0.338843 -3.525131
0.340220 -3.536945
0.341598 -3.548755
0.342975 -3.560550
0.344353 -3.572319
0.345730 -3.584050
0.347107 -3.595732
0.348485 -3.607354
0.349862 -3.618907
0.351240 -3.630378
0.352617 -3.641758
0.353994 -3.653036
0.355372 -3.664204
0.356749 -3.675250
0.358127 -3.686165
0.359504 -3.696940
0.360882 -3.707566
0.362259 -3.718035
0.363636 -3.728337
0.365014 -3.738464
0.366391 -3.748408
0.367769 -3.758161
0.369146 -3.767717
0.370523 -3.777067
0.371901 -3.786205
0.373278 -3.795124
0.374656 -3.803820
0.376033 -3.812285
0.377410 -3.820515
0.378788 -3.828505
0.380165 -3.836252
0.381543 -3.843752
0.382920 -3.851003
0.384298 -3.858003
0.385675 -3.864752
0.387052 -3.871249
0.388430 -3.877498
0.389807 -3.883499
0.391185 -3.889257
0.392562 -3.894774
0.393939 -3.900051
0.395317 -3.905086
0.396694 -3.909872
0.398072 -3.914397
0.399449 -3.918640
0.400826 -3.919490
0.402204 -3.919957
0.403581 -3.920369
0.404959 -3.920728
0.406336 -3.921032
0.407714 -3.921281
0.409091 -3.921474
0.410468 -3.921613
0.411846 -3.921696
0.413223 -3.921724

0.413223 -3.921724
0.415609 -3.921782
0.417995 -3.921954
0.420380 -3.922242
0.422766 -3.922643
0.425152 -3.923158
0.427538 -3.923786
0.429923 -3.920026
0.432309 -3.914609
0.434695 -3.908620
0.437081 -3.902072
0.439466 -3.894982
0.441852 -3.887375
0.444238 -3.879279
0.446624 -3.870728
0.449009 -3.861759
0.451395 -3.852411
0.453781 -3.842729
0.456166 -3.832757
0.458552 -3.822544
0.460938 -3.812141
0.463324 -3.801599
0.465709 -3.790974
0.468095 -3.780320
0.470481 -3.769695
0.472867 -3.759156
0.475253 -3.748762
0.477638 -3.738572
0.480024 -3.728643
0.482410 -3.719036
0.484795 -3.709808
0.487181 -3.701014
0.489567 -3.692711
0.491953 -3.684951
0.494339 -3.677785
0.496724 -3.671261
0.499110 -3.665425
0.501496 -3.635527
0.503881 -3.602730
0.506267 -3.567774
0.508653 -3.530633
0.511039 -3.491290
0.513424 -3.449732
0.515810 -3.405957
0.518196 -3.359966
0.520582 -3.311772
0.522967 -3.261391
0.525353 -3.208851
0.527739 -3.154184
0.530125 -3.097433
0.532510 -3.038647
0.534896 -2.977883
0.537282 -2.915205
0.539668 -2.850685
0.542053 -2.860053
0.544439 -2.885343
0.546825 -2.912652
0.549211 -2.941784
0.551596 -2.972542
0.553982 -3.004729
0.556368 -3.038150
0.558754 -3.072612
0.561139 -3.107929
0.563525 -3.143921
0.565911 -3.180414
0.568297 -3.217242
0.570682 -3.254250
0.573068 -3.291287
0.575454 -3.328215
0.577839 -3.364901
0.580225 -3.401225
0.582611 -3.437071
0.584997 -3.472334
0.587383 -3.506916
0.589768 -3.540725
0.592154 -3.573678
0.594540 -3.605696
0.596925 -3.636709
0.599311 -3.666648
0.601697 -3.695452
0.604083 -3.723064
0.606468 -3.749429
0.608854 -3.774496
0.611240 -3.798218
0.613626 -3.820550
0.616012 -3.841450
0.618397 -3.860879
0.620783 -3.878804
0.623169 -3.895198
0.625554 -3.910045
0.627940 -3.923339
0.630326 -3.935091
0.632712 -3.945331
0.635097 -3.954107
0.637483 -3.961483
0.639869 -3.967536
0.642255 -3.972346
0.644640 -3.975993
0.647026 -3.978544
0.649412 -3.980052
0.651798 -3.980551


0.000000 -3.980551
0.001377 -3.980535
0.002755 -3.980487
0.004132 -3.980406
0.005510 -3.980292
0.006887 -3.980147
0.008264 -3.979970
0.009642 -3.979762
0.011019 -3.979523
0.012397 -3.979252
0.013774 -3.978952
0.015152 -3.978622
0.016529 -3.978262
0.017906 -3.977874
0.019284 -3.977458
0.020661 -3.977015
0.022039 -3.976545
0.023416 -3.976049
0.024793 -3.975529
0.026171 -3.974984
0.027548 -3.974416
0.028926 -3.973826
0.030303 -3.973215
0.031680 -3.972584
0.033058 -3.971934
0.034435 -3.971265
0.035813 -3.970580
0.037190 -3.969879
0.038567 -3.969164
0.039945 -3.968049
0.041322 -3.960331
0.042700 -3.952360
0.044077 -3.944137
0.045455 -3.935663
0.046832 -3.926938
0.048209 -3.917963
0.049587 -3.908739
0.050964 -3.899268
0.052342 -3.889550
0.053719 -3.879586
0.055096 -3.869377
0.056474 -3.858923
0.057851 -3.848227
0.059229 -3.837289
0.060606 -3.826111
0.061983 -3.814692
0.063361 -3.803035
0.064738 -3.791140
0.066116 -3.779009
0.067493 -3.766642
0.068871 -3.754042
0.070248 -3.741208
0.071625 -3.728143
0.073003 -3.714846
0.074380 -3.701321
0.075758 -3.687567
0.077135 -3.673586
0.078512 -3.659380
0.079890 -3.644949
0.081267 -3.630294
0.082645 -3.615418
0.084022 -3.600321
0.085399 -3.585005
0.086777 -3.569470
0.088154 -3.553719
0.089532 -3.537752
0.090909 -3.521571
0.092286 -3.505177
0.093664 -3.488571
0.095041 -3.471755
0.096419 -3.454730
0.097796 -3.437498
0.099174 -3.420060
0.100551 -3.402416
0.101928 -3.384570
0.103306 -3.366521
0.104683 -3.348271
0.106061 -3.329822
0.107438 -3.311175
0.108815 -3.292331
0.110193 -3.273292
0.111570 -3.254059
0.112948 -3.234634
0.114325 -3.215018
0.115702 -3.195212
0.117080 -3.175217
0.118457 -3.155036
0.119835 -3.134669
0.121212 -3.114118
0.122590 -3.093384
0.123967 -3.072469
0.125344 -3.051374
0.126722 -3.030100
0.128099 -3.008649
0.129477 -2.987023
0.130854 -2.965222
0.132231 -2.943248
0.133609 -2.921102
0.134986 -2.898787
0.136364 -2.876302
0.137741 -2.853651

0.137741 -2.853651
0.139119 -2.854232
0.140496 -2.855976
0.141873 -2.858875
0.143251 -2.862920
0.144628 -2.868098
0.146006 -2.874392
0.147383 -2.881782
0.148760 -2.890244
0.150138 -2.899750
0.151515 -2.910271
0.152893 -2.921774
0.154270 -2.934223
0.155647 -2.947582
0.157025 -2.961810
0.158402 -2.976865
0.159780 -2.992704
0.161157 -3.009283
0.162534 -3.026555
0.163912 -3.044473
0.165289 -3.062990
0.166667 -3.082058
0.168044 -3.101627
0.169422 -3.121649
0.170799 -3.142076
0.172176 -3.162858
0.173554 -3.183947
0.174931 -3.205296
0.176309 -3.226858
0.177686 -3.248584
0.179063 -3.270431
0.180441 -3.292353
0.181818 -3.314306
0.183196 -3.336247
0.184573 -3.358134
0.185950 -3.379927
0.187328 -3.401587
0.188705 -3.423075
0.190083 -3.444354
0.191460 -3.442392
0.192837 -3.421115
0.194215 -3.399839
0.195592 -3.378600
0.196970 -3.357434
0.198347 -3.336377
0.199724 -3.315463
0.201102 -3.294729
0.202479 -3.274210
0.203857 -3.253939
0.205234 -3.233951
0.206612 -3.214279
0.207989 -3.194954
0.209366 -3.176009
0.210744 -3.157471
0.212121 -3.139370
0.213499 -3.121733
0.214876 -3.104584
0.216253 -3.087946
0.217631 -3.071840
0.219008 -3.056285
0.220386 -3.041295
0.221763 -3.026886
0.223140 -3.013066
0.224518 -2.999844
0.225895 -2.987224
0.227273 -2.975206
0.228650 -2.963788
0.230027 -2.952963
0.231405 -2.944751
0.232782 -2.949590
0.234160 -2.954586
0.235537 -2.959742
0.236915 -2.965057
0.238292 -2.970532
0.239669 -2.976168
0.241047 -2.981965
0.242424 -2.987923
0.243802 -2.994042
0.245179 -3.000321
0.246557 -3.006760
0.247934 -3.013359
0.249311 -3.020117
0.250689 -3.027033
0.252066 -3.034105
0.253443 -3.041333
0.254821 -3.048716
0.256198 -3.056251
0.257576 -3.063938
0.258953 -3.071773
0.260331 -3.079756
0.261708 -3.087884
0.263085 -3.096155
0.264463 -3.104566
0.265840 -3.113115
0.267218 -3.121798
0.268595 -3.130615
0.269973 -3.139560
0.271350 -3.148632
0.272727 -3.157827
0.274105 -3.167141
0.275482 -3.176571

0.275482 -3.176571
0.276859 -3.176779
0.278237 -3.177401
0.279614 -3.178436
0.280992 -3.179884
0.282369 -3.181741
0.283747 -3.184007
0.285124 -3.186677
0.286501 -3.189748
0.287879 -3.193215
0.289256 -3.197075
0.290634 -3.201321
0.292011 -3.205949
0.293388 -3.210951
0.294766 -3.216321
0.296143 -3.222053
0.297521 -3.228138
0.298898 -3.234569
0.300275 -3.241337
0.301653 -3.248433
0.303030 -3.255849
0.304408 -3.263574
0.305785 -3.271600
0.307163 -3.279915
0.308540 -3.288510
0.309917 -3.297374
0.311295 -3.306497
0.312672 -3.315866
0.314050 -3.325471
0.315427 -3.335300
0.316804 -3.345342
0.318182 -3.355585
0.319559 -3.366017
0.320937 -3.376626
0.322314 -3.387401
0.323692 -3.398328
0.325069 -3.409395
0.326446 -3.420592
0.327824 -3.431904
0.329201 -3.443321
0.330578 -3.454829
0.331956 -3.466418
0.333333 -3.478073
0.334711 -3.489784
0.336088 -3.501539
0.337466 -3.513325
0.338843 -3.525131
0.340220 -3.536945
0.341598 -3.548755
0.342975 -3.560550
0.344353 -3.572319
0.345730 -3.584050
0.347107 -3.595732
0.348485 -3.607354
0.349862 -3.618907
0.351240 -3.630378
0.352617 -3.641758
0.353994 -3.653036
0.355372 -3.664204
0.356749 -3.675250
0.358127 -3.686165
0.359504 -3.696940
0.360882 -3.707566
0.362259 -3.718035
0.363636 -3.728337
0.365014 -3.738464
0.366391 -3.748408
0.367769 -3.758161
0.369146 -3.767717
0.370523 -3.777067
0.371901 -3.786205
0.373278 -3.795124
0.374656 -3.803820
0.376033 -3.812285
0.377410 -3.820515
0.378788 -3.828505
0.380165 -3.836252
0.381543 -3.843752
0.382920 -3.851003
0.384298 -3.858003
0.385675 -3.864752
0.387052 -3.871249
0.388430 -3.877498
0.389807 -3.883499
0.391185 -3.889257
0.392562 -3.894774
0.393939 -3.900051
0.395317 -3.905086
0.396694 -3.909872
0.398072 -3.914397
0.399449 -3.918640
0.400826 -3.919490
0.402204 -3.919957
0.403581 -3.920369
0.404959 -3.920728
0.406336 -3.921032
0.407714 -3.921281
0.409091 -3.921474
0.410468 -3.921613
0.411846 -3.921696
0.413223 -3.921724

0.413223 -3.921724
0.415609 -3.921782
0.417995 -3.921954
0.420380 -3.922242
0.422766 -3.922643
0.425152 -3.923158
0.427538 -3.923786
0.429923 -3.920026
0.432309 -3.914609
0.434695 -3.908620
0.437081 -3.902072
0.439466 -3.894982
0.441852 -3.887375
0.444238 -3.879279
0.446624 -3.870728
0.449009 -3.861759
0.451395 -3.852411
0.453781 -3.842729
0.456166 -3.832757
0.458552 -3.822544
0.460938 -3.812141
0.463324 -3.801599
0.465709 -3.790974
0.468095 -3.780320
0.470481 -3.769695
0.472867 -3.759156
0.475253 -3.748762
0.477638 -3.738572
0.480024 -3.728643
0.482410 -3.719036
0.484795 -3.709808
0.487181 -3.701014
0.489567 -3.692711
0.491953 -3.684951
0.494339 -3.677785
0.496724 -3.671261
0.499110 -3.665425
0.501496 -3.635527
0.503881 -3.602730
0.506267 -3.567774
0.508653 -3.530633
0.511039 -3.491290
0.513424 -3.449732
0.515810 -3.405957
0.518196 -3.359966
0.520582 -3.311772
0.522967 -3.261391
0.525353 -3.208851
0.527739 -3.154184
0.530125 -3.097433
0.532510 -3.038647
0.534896 -2.977883
0.537282 -2.915205
0.539668 -2.850685
0.542053 -2.860053
0.544439 -2.885343
0.546825 -2.912652
0.549211 -2.941784
0.551596 -2.972542
0.553982 -3.004729
0.556368 -3.038150
0.558754 -3.072612
0.561139 -3.107929
0.563525 -3.143921
0.565911 -3.180414
0.568297 -3.217242
0.570682 -3.254250
0.573068 -3.291287
0.575454 -3.328215
0.577839 -3.364901
0.580225 -3.401225
0.582611 -3.437071
0.584997 -3.472334
0.587383 -3.506916
0.589768 -3.540725
0.592154 -3.573678
0.594540 -3.605696
0.596925 -3.636709
0.599311 -3.666648
0.601697 -3.695452
0.604083 -3.723064
0.606468 -3.749429
0.608854 -3.774496
0.611240 -3.798218
0.613626 -3.820550
0.616012 -3.841450
0.618397 -3.860879
0.620783 -3.878804
0.623169 -3.895198
0.625554 -3.910045
0.627940 -3.923339
0.630326 -3.935091
0.632712 -3.945331
0.635097 -3.954107
0.637483 -3.961483
0.639869 -3.967536
0.642255 -3.972346
0.644640 -3.975993
0.647026 -3.978544
0.649412 -3.980052
0.651798 -3.980551


0.000000 -3.980551
0.001377 -3.980086
0.002755 -3.978688
0.004132 -3.976357
0.005510 -3.973092
0.006887 -3.968888
0.008264 -3.963742
0.009642 -3.957650
0.011019 -3.950605
0.012397 -3.942603
0.013774 -3.933636
0.015152 -3.923695
0.016529 -3.912771
0.017906 -3.900856
0.019284 -3.887938
0.020661 -3.874006
0.022039 -3.859047
0.023416 -3.843047
0.024793 -3.825993
0.026171 -3.807868
0.027548 -3.788656
0.028926 -3.768339
0.030303 -3.746900
0.031680 -3.724316
0.033058 -3.700569
0.034435 -3.675634
0.035813 -3.649489
0.037190 -3.622108
0.038567 -3.593464
0.039945 -3.563528
0.041322 -3.532271
0.042700 -3.499659
0.044077 -3.465660
0.045455 -3.430235
0.046832 -3.393347
0.048209 -3.354952
0.049587 -3.315007
0.050964 -3.273462
0.052342 -3.230265
0.053719 -3.185360
0.055096 -3.138686
0.056474 -3.090175
0.057851 -3.039755
0.059229 -2.987345
0.060606 -2.932856
0.061983 -2.876189
0.063361 -2.817236
0.064738 -2.755873
0.066116 -2.691960
0.067493 -2.625340
0.068871 -2.555832
0.070248 -2.483227
0.071625 -2.407280
0.073003 -2.327705
0.074380 -2.244157
0.075758 -2.156223
0.077135 -2.063393
0.078512 -1.965030
0.079890 -1.860318
0.081267 -1.798394
0.082645 -1.826674
0.084022 -1.854846
0.085399 -1.882910
0.086777 -1.910862
0.088154 -1.938702
0.089532 -1.966428
0.090909 -1.994039
0.092286 -2.021534
0.093664 -2.048909
0.095041 -2.076165
0.096419 -2.103300
0.097796 -2.130312
0.099174 -2.157199
0.100551 -2.183961
0.101928 -2.210595
0.103306 -2.237100
0.104683 -2.263475
0.106061 -2.289719
0.107438 -2.315829
0.108815 -2.341805
0.110193 -2.367644
0.111570 -2.393346
0.112948 -2.418910
0.114325 -2.444332
0.115702 -2.469613
0.117080 -2.494750
0.118457 -2.519743
0.119835 -2.544590
0.121212 -2.569289
0.122590 -2.593839
0.123967 -2.618239
0.125344 -2.642486
0.126722 -2.666581
0.128099 -2.690521
0.129477 -2.714305
0.130854 -2.737931
0.132231 -2.761398
0.133609 -2.784705
0.134986 -2.807851
0.136364 -2.830833
0.137741 -2.853651

0.137741 -2.853651
0.139119 -2.853650
0.140496 -2.853649
0.141873 -2.853648
0.143251 -2.853646
0.144628 -2.853644
0.146006 -2.853644
0.147383 -2.853644
0.148760 -2.853648
0.150138 -2.853655
0.151515 -2.853666
0.152893 -2.853683
0.154270 -2.853706
0.155647 -2.853739
0.157025 -2.853781
0.158402 -2.853835
0.159780 -2.853903
0.161157 -2.853986
0.162534 -2.854087
0.163912 -2.854208
0.165289 -2.854350
0.166667 -2.854516
0.168044 -2.854709
0.169422 -2.854932
0.170799 -2.855186
0.172176 -2.855474
0.173554 -2.855800
0.174931 -2.856165
0.176309 -2.856574
0.177686 -2.857029
0.179063 -2.857532
0.180441 -2.858088
0.181818 -2.858699
0.183196 -2.859368
0.184573 -2.860099
0.185950 -2.860895
0.187328 -2.861760
0.188705 -2.862696
0.190083 -2.863707
0.191460 -2.864796
0.192837 -2.865968
0.194215 -2.867224
0.195592 -2.868569
0.196970 -2.870005
0.198347 -2.871537
0.199724 -2.873168
0.201102 -2.874900
0.202479 -2.876738
0.203857 -2.878684
0.205234 -2.880741
0.206612 -2.882914
0.207989 -2.885204
0.209366 -2.887615
0.210744 -2.890150
0.212121 -2.892811
0.213499 -2.895602
0.214876 -2.898525
0.216253 -2.901582
0.217631 -2.904777
0.219008 -2.908112
0.220386 -2.911589
0.221763 -2.915210
0.223140 -2.918977
0.224518 -2.922892
0.225895 -2.926957
0.227273 -2.931175
0.228650 -2.935545
0.230027 -2.940070
0.231405 -2.942722
0.232782 -2.933050
0.234160 -2.923930
0.235537 -2.915339
0.236915 -2.907252
0.238292 -2.899637
0.239669 -2.892462
0.241047 -2.885687
0.242424 -2.879269
0.243802 -2.873163
0.245179 -2.867317
0.246557 -2.861677
0.247934 -2.856185
0.249311 -2.850779
0.250689 -2.845396
0.252066 -2.839967
0.253443 -2.834422
0.254821 -2.828690
0.256198 -2.822697
0.257576 -2.816367
0.258953 -2.809625
0.260331 -2.802394
0.261708 -2.794598
0.263085 -2.786163
0.264463 -2.777014
0.265840 -2.767079
0.267218 -2.756288
0.268595 -2.744571
0.269973 -2.731865
0.271350 -2.718107
0.272727 -2.703236
0.274105 -2.687197
0.275482 -2.669934

0.275482 -2.669934
0.276859 -2.670320
0.278237 -2.671476
0.279614 -2.673401
0.280992 -2.676091
0.282369 -2.679540
0.283747 -2.683744
0.285124 -2.688693
0.286501 -2.694379
0.287879 -2.700793
0.289256 -2.707921
0.290634 -2.715752
0.292011 -2.724272
0.293388 -2.733466
0.294766 -2.743318
0.296143 -2.753812
0.297521 -2.764929
0.298898 -2.776652
0.300275 -2.788962
0.301653 -2.801838
0.303030 -2.815260
0.304408 -2.829207
0.305785 -2.843658
0.307163 -2.858592
0.308540 -2.873985
0.309917 -2.889815
0.311295 -2.906061
0.312672 -2.922698
0.314050 -2.939704
0.315427 -2.957057
0.316804 -2.974732
0.318182 -2.992707
0.319559 -3.010959
0.320937 -3.029465
0.322314 -3.048203
0.323692 -3.067149
0.325069 -3.086281
0.326446 -3.105578
0.327824 -3.125017
0.329201 -3.144576
0.330578 -3.164235
0.331956 -3.183972
0.333333 -3.203766
0.334711 -3.223596
0.336088 -3.243444
0.337466 -3.263288
0.338843 -3.283110
0.340220 -3.302890
0.341598 -3.322610
0.342975 -3.342251
0.344353 -3.361796
0.345730 -3.381227
0.347107 -3.400527
0.348485 -3.419679
0.349862 -3.438667
0.351240 -3.457474
0.352617 -3.476086
0.353994 -3.494486
0.355372 -3.512660
0.356749 -3.530593
0.358127 -3.548272
0.359504 -3.565682
0.360882 -3.582810
0.362259 -3.599643
0.363636 -3.616168
0.365014 -3.632372
0.366391 -3.648245
0.367769 -3.663773
0.369146 -3.678945
0.370523 -3.693750
0.371901 -3.708178
0.373278 -3.722216
0.374656 -3.735855
0.376033 -3.749084
0.377410 -3.761892
0.378788 -3.774269
0.380165 -3.786206
0.381543 -3.797690
0.382920 -3.808713
0.384298 -3.819261
0.385675 -3.829325
0.387052 -3.838892
0.388430 -3.847949
0.389807 -3.856484
0.391185 -3.864485
0.392562 -3.871938
0.393939 -3.878835
0.395317 -3.885169
0.396694 -3.890940
0.398072 -3.896153
0.399449 -3.900821
0.400826 -3.904964
0.402204 -3.908601
0.403581 -3.911757
0.404959 -3.914450
0.406336 -3.916701
0.407714 -3.918524
0.409091 -3.919930
0.410468 -3.920929
0.411846 -3.921525
0.413223 -3.921724

0.413223 -3.921724
0.415609 -3.921782
0.417995 -3.921954
0.420380 -3.922242
0.422766 -3.922508
0.425152 -3.912359
0.427538 -3.899903
0.429923 -3.885108
0.432309 -3.867940
0.434695 -3.848355
0.437081 -3.826305
0.439466 -3.801739
0.441852 -3.774597
0.444238 -3.744816
0.446624 -3.712325
0.449009 -3.677048
0.451395 -3.638906
0.453781 -3.602187
0.456166 -3.566544
0.458552 -3.529700
0.460938 -3.491799
0.463324 -3.452996
0.465709 -3.413453
0.468095 -3.373339
0.470481 -3.332835
0.472867 -3.292126
0.475253 -3.251406
0.477638 -3.210878
0.480024 -3.170746
0.482410 -3.131226
0.484795 -3.092532
0.487181 -3.054886
0.489567 -3.018507
0.491953 -2.983617
0.494339 -2.950434
0.496724 -2.919172
0.499110 -2.890038
0.501496 -2.863228
0.503881 -2.838927
0.506267 -2.817305
0.508653 -2.798513
0.511039 -2.782682
0.513424 -2.769922
0.515810 -2.760315
0.518196 -2.753919
0.520582 -2.750764
0.522967 -2.750852
0.525353 -2.754158
0.527739 -2.760631
0.530125 -2.770191
0.532510 -2.782738
0.534896 -2.798147
0.537282 -2.816277
0.539668 -2.836970
0.542053 -2.860053
0.544439 -2.885343
0.546825 -2.912652
0.549211 -2.941784
0.551596 -2.972542
0.553982 -3.004729
0.556368 -3.038150
0.558754 -3.072612
0.561139 -3.107929
0.563525 -3.143921
0.565911 -3.180414
0.568297 -3.217242
0.570682 -3.254250
0.573068 -3.291287
0.575454 -3.328215
0.577839 -3.364901
0.580225 -3.401225
0.582611 -3.437071
0.584997 -3.472334
0.587383 -3.506916
0.589768 -3.540725
0.592154 -3.573678
0.594540 -3.605696
0.596925 -3.636709
0.599311 -3.666648
0.601697 -3.695452
0.604083 -3.723064
0.606468 -3.749429
0.608854 -3.774496
0.611240 -3.798218
0.613626 -3.820550
0.616012 -3.841450
0.618397 -3.860879
0.620783 -3.878804
0.623169 -3.895198
0.625554 -3.910045
0.627940 -3.923339
0.630326 -3.935091
0.632712 -3.945331
0.635097 -3.954107
0.637483 -3.961483
0.639869 -3.967536
0.642255 -3.972346
0.644640 -3.975993
0.647026 -3.978544
0.649412 -3.980052
0.651798 -3.980551


0.000000 -0.000000
0.001377 -0.031581
0.002755 -0.063161
0.004132 -0.094736
0.005510 -0.126306
0.006887 -0.157868
0.008264 -0.189420
0.009642 -0.220960
0.011019 -0.252487
0.012397 -0.283998
0.013774 -0.315492
0.015152 -0.346967
0.016529 -0.378420
0.017906 -0.409849
0.019284 -0.441254
0.020661 -0.472631
0.022039 -0.503980
0.023416 -0.535297
0.024793 -0.566582
0.026171 -0.597832
0.027548 -0.629045
0.028926 -0.660220
0.030303 -0.691354
0.031680 -0.722446
0.033058 -0.753494
0.034435 -0.784495
0.035813 -0.815449
0.037190 -0.846354
0.038567 -0.877206
0.039945 -0.908005
0.041322 -0.938749
0.042700 -0.969436
0.044077 -1.000065
0.045455 -1.030632
0.046832 -1.061137
0.048209 -1.091578
0.049587 -1.121953
0.050964 -1.152260
0.052342 -1.182497
0.053719 -1.212663
0.055096 -1.242756
0.056474 -1.272774
0.057851 -1.302716
0.059229 -1.332580
0.060606 -1.362364
0.061983 -1.392066
0.063361 -1.421684
0.064738 -1.451218
0.066116 -1.480665
0.067493 -1.510024
0.068871 -1.539293
0.070248 -1.568470
0.071625 -1.597554
0.073003 -1.626543
0.074380 -1.655435
0.075758 -1.684230
0.077135 -1.712925
0.078512 -1.741518
0.079890 -1.770008
0.081267 -1.798394
0.082645 -1.826674
0.084022 -1.854846
0.085399 -1.882910
0.086777 -1.910862
0.088154 -1.938702
0.089532 -1.966428
0.090909 -1.994039
0.092286 -2.021534
0.093664 -2.048909
0.095041 -2.076165
0.096419 -2.103300
0.097796 -2.130312
0.099174 -2.157199
0.100551 -2.183961
0.101928 -2.210595
0.103306 -2.237100
0.104683 -2.263475
0.106061 -2.289719
0.107438 -2.315829
0.108815 -2.341805
0.110193 -2.367644
0.111570 -2.393346
0.112948 -2.418910
0.114325 -2.444332
0.115702 -2.469613
0.117080 -2.494750
0.118457 -2.519743
0.119835 -2.544590
0.121212 -2.569289
0.122590 -2.593839
0.123967 -2.618239
0.125344 -2.642486
0.126722 -2.666581
0.128099 -2.690521
0.129477 -2.714305
0.130854 -2.737931
0.132231 -2.761398
0.133609 -2.784705
0.134986 -2.807851
0.136364 -2.830833
0.137741 -2.853651

0.137741 -2.853651
0.139119 -2.853650
0.140496 -2.853649
0.141873 -2.853648
0.143251 -2.853646
0.144628 -2.853644
0.146006 -2.853644
0.147383 -2.853644
0.148760 -2.853648
0.150138 -2.853655
0.151515 -2.853666
0.152893 -2.853683
0.154270 -2.853706
0.155647 -2.853739
0.157025 -2.853781
0.158402 -2.853835
0.159780 -2.853903
0.161157 -2.853986
0.162534 -2.854087
0.163912 -2.854208
0.165289 -2.854350
0.166667 -2.854516
0.168044 -2.854709
0.169422 -2.854932
0.170799 -2.855186
0.172176 -2.855474
0.173554 -2.855800
0.174931 -2.856165
0.176309 -2.856574
0.177686 -2.857029
0.179063 -2.857532
0.180441 -2.858088
0.181818 -2.858699
0.183196 -2.859368
0.184573 -2.860099
0.185950 -2.860895
0.187328 -2.861760
0.188705 -2.862696
0.190083 -2.863707
0.191460 -2.864796
0.192837 -2.865968
0.194215 -2.867224
0.195592 -2.868569
0.196970 -2.870005
0.198347 -2.871537
0.199724 -2.873168
0.201102 -2.874900
0.202479 -2.876738
0.203857 -2.878684
0.205234 -2.880741
0.206612 -2.882914
0.207989 -2.885204
0.209366 -2.887615
0.210744 -2.890150
0.212121 -2.892811
0.213499 -2.895602
0.214876 -2.898525
0.216253 -2.901582
0.217631 -2.904777
0.219008 -2.908112
0.220386 -2.911589
0.221763 -2.915210
0.223140 -2.918977
0.224518 -2.922892
0.225895 -2.926957
0.227273 -2.931175
0.228650 -2.935545
0.230027 -2.940070
0.231405 -2.942722
0.232782 -2.933050
0.234160 -2.923930
0.235537 -2.915339
0.236915 -2.907252
0.238292 -2.899637
0.239669 -2.892462
0.241047 -2.885687
0.242424 -2.879269
0.243802 -2.873163
0.245179 -2.867317
0.246557 -2.861677
0.247934 -2.856185
0.249311 -2.850779
0.250689 -2.845396
0.252066 -2.839967
0.253443 -2.834422
0.254821 -2.828690
0.256198 -2.822697
0.257576 -2.816367
0.258953 -2.809625
0.260331 -2.802394
0.261708 -2.794598
0.263085 -2.786163
0.264463 -2.777014
0.265840 -2.767079
0.267218 -2.756288
0.268595 -2.744571
0.269973 -2.731865
0.271350 -2.718107
0.272727 -2.703236
0.274105 -2.687197
0.275482 -2.669934

0.275482 -2.669934
0.276859 -2.670320
0.278237 -2.671476
0.279614 -2.673401
0.280992 -2.676091
0.282369 -2.679540
0.283747 -2.683744
0.285124 -2.688693
0.286501 -2.694379
0.287879 -2.700793
0.289256 -2.707921
0.290634 -2.715752
0.292011 -2.724272
0.293388 -2.733466
0.294766 -2.743318
0.296143 -2.753812
0.297521 -2.764929
0.298898 -2.776652
0.300275 -2.788962
0.301653 -2.801838
0.303030 -2.815260
0.304408 -2.829207
0.305785 -2.843658
0.307163 -2.858592
0.308540 -2.873985
0.309917 -2.889815
0.311295 -2.906061
0.312672 -2.922698
0.314050 -2.939704
0.315427 -2.957057
0.316804 -2.974732
0.318182 -2.992707
0.319559 -3.010959
0.320937 -3.029465
0.322314 -3.048203
0.323692 -3.067149
0.325069 -3.086281
0.326446 -3.105578
0.327824 -3.125017
0.329201 -3.144576
0.330578 -3.164235
0.331956 -3.183972
0.333333 -3.203766
0.334711 -3.223596
0.336088 -3.243444
0.337466 -3.263288
0.338843 -3.283110
0.340220 -3.302890
0.341598 -3.322610
0.342975 -3.342251
0.344353 -3.361796
0.345730 -3.381227
0.347107 -3.400527
0.348485 -3.419679
0.349862 -3.438667
0.351240 -3.457474
0.352617 -3.476086
0.353994 -3.494486
0.355372 -3.512660
0.356749 -3.530593
0.358127 -3.548272
0.359504 -3.565682
0.360882 -3.582810
0.362259 -3.599643
0.363636 -3.616168
0.365014 -3.632372
0.366391 -3.648245
0.367769 -3.663773
0.369146 -3.678945
0.370523 -3.693750
0.371901 -3.708178
0.373278 -3.722216
0.374656 -3.735855
0.376033 -3.749084
0.377410 -3.761892
0.378788 -3.774269
0.380165 -3.786206
0.381543 -3.797690
0.382920 -3.808713
0.384298 -3.819261
0.385675 -3.829325
0.387052 -3.838892
0.388430 -3.847949
0.389807 -3.856484
0.391185 -3.864485
0.392562 -3.871938
0.393939 -3.878835
0.395317 -3.885169
0.396694 -3.890940
0.398072 -3.896153
0.399449 -3.900821
0.400826 -3.904964
0.402204 -3.908601
0.403581 -3.911757
0.404959 -3.914450
0.406336 -3.916701
0.407714 -3.918524
0.409091 -3.919930
0.410468 -3.920929
0.411846 -3.921525
0.413223 -3.921724

0.413223 -3.921724
0.415609 -3.920701
0.417995 -3.917565
0.420380 -3.912163
0.422766 -3.904361
0.425152 -3.894104
0.427538 -3.881413
0.429923 -3.866343
0.432309 -3.848963
0.434695 -3.829348
0.437081 -3.807575
0.439466 -3.783723
0.441852 -3.757878
0.444238 -3.730131
0.446624 -3.700580
0.449009 -3.669330
0.451395 -3.636492
0.453781 -3.602187
0.456166 -3.566544
0.458552 -3.529700
0.460938 -3.491799
0.463324 -3.452996
0.465709 -3.413453
0.468095 -3.373339
0.470481 -3.332835
0.472867 -3.292126
0.475253 -3.251406
0.477638 -3.210878
0.480024 -3.170746
0.482410 -3.131226
0.484795 -3.092532
0.487181 -3.054886
0.489567 -3.018507
0.491953 -2.983617
0.494339 -2.950434
0.496724 -2.919172
0.499110 -2.890038
0.501496 -2.863228
0.503881 -2.838927
0.506267 -2.817305
0.508653 -2.798513
0.511039 -2.782682
0.513424 -2.769922
0.515810 -2.760315
0.518196 -2.753919
0.520582 -2.750764
0.522967 -2.750852
0.525353 -2.754158
0.527739 -2.760631
0.530125 -2.770191
0.532510 -2.782738
0.534896 -2.798147
0.537282 -2.816277
0.539668 -2.836970
0.542053 -2.784403
0.544439 -2.716447
0.546825 -2.646910
0.549211 -2.575892
0.551596 -2.503503
0.553982 -2.429854
0.556368 -2.355067
0.558754 -2.279268
0.561139 -2.202587
0.563525 -2.125160
0.565911 -2.047130
0.568297 -1.968640
0.570682 -1.889839
0.573068 -1.810880
0.575454 -1.731919
0.577839 -1.653111
0.580225 -1.574616
0.582611 -1.496595
0.584997 -1.419208
0.587383 -1.342617
0.589768 -1.266981
0.592154 -1.192460
0.594540 -1.119211
0.596925 -1.047388
0.599311 -0.977143
0.601697 -0.908620
0.604083 -0.841963
0.606468 -0.777306
0.608854 -0.714776
0.611240 -0.654492
0.613626 -0.596564
0.616012 -0.541087
0.618397 -0.488146
0.620783 -0.437807
0.623169 -0.390118
0.625554 -0.345106
0.627940 -0.302773
0.630326 -0.263088
0.632712 -0.225989
0.635097 -0.191372
0.637483 -0.159092
0.639869 -0.128952
0.642255 -0.100706
0.644640 -0.074055
0.647026 -0.048652
0.649412 -0.024108
0.651798 -0.000000


0.000000 0.000000
0.001377 -0.031581
0.002755 -0.063161
0.004132 -0.094736
0.005510 -0.126306
0.006887 -0.157868
0.008264 -0.189420
0.009642 -0.220960
0.011019 -0.252487
0.012397 -0.283998
0.013774 -0.315492
0.015152 -0.346967
0.016529 -0.378420
0.017906 -0.409849
0.019284 -0.441254
0.020661 -0.472631
0.022039 -0.503980
0.023416 -0.535297
0.024793 -0.566582
0.026171 -0.597832
0.027548 -0.629045
0.028926 -0.660220
0.030303 -0.691354
0.031680 -0.722446
0.033058 -0.753494
0.034435 -0.784495
0.035813 -0.815449
0.037190 -0.846354
0.038567 -0.877206
0.039945 -0.908005
0.041322 -0.938749
0.042700 -0.969436
0.044077 -1.000065
0.045455 -1.030632
0.046832 -1.061137
0.048209 -1.091578
0.049587 -1.121953
0.050964 -1.152260
0.052342 -1.182497
0.053719 -1.212663
0.055096 -1.242756
0.056474 -1.272774
0.057851 -1.302716
0.059229 -1.332580
0.060606 -1.362364
0.061983 -1.392066
0.063361 -1.421684
0.064738 -1.451218
0.066116 -1.480665
0.067493 -1.510024
0.068871 -1.539293
0.070248 -1.568470
0.071625 -1.597554
0.073003 -1.626543
0.074380 -1.655435
0.075758 -1.684230
0.077135 -1.712925
0.078512 -1.741518
0.079890 -1.770008
0.081267 -1.748184
0.082645 -1.627173
0.084022 -1.495215
0.085399 -1.349201
0.086777 -1.184060
0.088154 -0.990409
0.089532 -0.746575
0.090909 -0.362894
0.092286 0.543902
0.093664 0.851396
0.095041 1.074765
0.096419 1.259457
0.097796 1.420520
0.099174 1.565155
0.100551 1.697463
0.101928 1.820037
0.103306 1.934635
0.104683 2.042510
0.106061 2.144590
0.107438 2.241584
0.108815 2.334046
0.110193 2.422416
0.111570 2.507050
0.112948 2.588241
0.114325 2.666231
0.115702 2.741223
0.117080 2.813388
0.118457 2.882871
0.119835 2.949796
0.121212 3.014271
0.122590 3.076387
0.123967 3.136225
0.125344 3.193853
0.126722 3.249332
0.128099 3.302715
0.129477 3.354049
0.130854 3.403373
0.132231 3.450724
0.133609 3.496133
0.134986 3.539627
0.136364 3.581232
0.137741 3.620968

0.137741 3.620968
0.139119 3.620365
0.140496 3.618558
0.141873 3.615545
0.143251 3.611327
0.144628 3.605902
0.146006 3.599272
0.147383 3.591435
0.148760 3.582389
0.150138 3.572136
0.151515 3.560673
0.152893 3.547998
0.154270 3.534112
0.155647 3.519012
0.157025 3.502697
0.158402 3.485163
0.159780 3.466410
0.161157 3.446434
0.162534 3.425232
0.163912 3.402801
0.165289 3.379138
0.166667 3.354237
0.168044 3.328094
0.169422 3.300703
0.170799 3.272059
0.172176 3.242154
0.173554 3.210981
0.174931 3.178532
0.176309 3.144795
0.177686 3.109761
0.179063 3.073416
0.180441 3.035749
0.181818 2.996741
0.183196 2.956378
0.184573 2.914638
0.185950 2.871500
0.187328 2.826938
0.188705 2.780926
0.190083 2.733430
0.191460 2.684416
0.192837 2.633842
0.194215 2.581662
0.195592 2.527823
0.196970 2.472266
0.198347 2.414919
0.199724 2.355705
0.201102 2.294530
0.202479 2.231287
0.203857 2.165850
0.205234 2.098071
0.206612 2.027775
0.207989 1.954750
0.209366 1.878743
0.210744 1.799440
0.212121 1.716454
0.213499 1.629293
0.214876 1.537324
0.216253 1.439704
0.217631 1.335279
0.219008 1.222399
0.220386 1.098561
0.221763 0.959645
0.223140 0.797951
0.224518 0.595374
0.225895 0.272690
0.227273 -0.450996
0.228650 -0.691808
0.230027 -0.866627
0.231405 -1.010216
0.232782 -1.134410
0.234160 -1.244950
0.235537 -1.345139
0.236915 -1.437079
0.238292 -1.522207
0.239669 -1.601557
0.241047 -1.675897
0.242424 -1.745821
0.243802 -1.811794
0.245179 -1.874193
0.246557 -1.933322
0.247934 -1.989436
0.249311 -2.042748
0.250689 -2.093437
0.252066 -2.141658
0.253443 -2.187544
0.254821 -2.231210
0.256198 -2.272758
0.257576 -2.312277
0.258953 -2.349847
0.260331 -2.385539
0.261708 -2.419418
0.263085 -2.451542
0.264463 -2.481966
0.265840 -2.510742
0.267218 -2.537918
0.268595 -2.563539
0.269973 -2.587653
0.271350 -2.610303
0.272727 -2.631536
0.274105 -2.651397
0.275482 -2.669934

0.275482 -2.669934
0.276859 -2.670320
0.278237 -2.671476
0.279614 -2.673401
0.280992 -2.676091
0.282369 -2.679540
0.283747 -2.683744
0.285124 -2.688693
0.286501 -2.694379
0.287879 -2.700793
0.289256 -2.707921
0.290634 -2.715752
0.292011 -2.724272
0.293388 -2.733466
0.294766 -2.743318
0.296143 -2.753812
0.297521 -2.764929
0.298898 -2.776652
0.300275 -2.788962
0.301653 -2.801838
0.303030 -2.815260
0.304408 -2.829207
0.305785 -2.843658
0.307163 -2.858592
0.308540 -2.873985
0.309917 -2.889815
0.311295 -2.906061
0.312672 -2.922698
0.314050 -2.939704
0.315427 -2.957057
0.316804 -2.974732
0.318182 -2.992707
0.319559 -3.010959
0.320937 -3.029465
0.322314 -3.048203
0.323692 -3.067149
0.325069 -3.086281
0.326446 -3.105578
0.327824 -3.125017
0.329201 -3.144576
0.330578 -3.164235
0.331956 -3.183972
0.333333 -3.203766
0.334711 -3.223596
0.336088 -3.243444
0.337466 -3.263288
0.338843 -3.283110
0.340220 -3.302890
0.341598 -3.322610
0.342975 -3.342251
0.344353 -3.361796
0.345730 -3.381227
0.347107 -3.400527
0.348485 -3.419679
0.349862 -3.438667
0.351240 -3.457474
0.352617 -3.476086
0.353994 -3.494486
0.355372 -3.512660
0.356749 -3.530593
0.358127 -3.548272
0.359504 -3.565682
0.360882 -3.582810
0.362259 -3.599643
0.363636 -3.616168
0.365014 -3.632372
0.366391 -3.648245
0.367769 -3.663773
0.369146 -3.678945
0.370523 -3.693750
0.371901 -3.708178
0.373278 -3.722216
0.374656 -3.735855
0.376033 -3.749084
0.377410 -3.761892
0.378788 -3.774269
0.380165 -3.786206
0.381543 -3.797690
0.382920 -3.808713
0.384298 -3.819261
0.385675 -3.829325
0.387052 -3.838892
0.388430 -3.847949
0.389807 -3.856484
0.391185 -3.864485
0.392562 -3.871938
0.393939 -3.878835
0.395317 -3.885169
0.396694 -3.890940
0.398072 -3.896153
0.399449 -3.900821
0.400826 -3.904964
0.402204 -3.908601
0.403581 -3.911757
0.404959 -3.914450
0.406336 -3.916701
0.407714 -3.918524
0.409091 -3.919930
0.410468 -3.920929
0.411846 -3.921525
0.413223 -3.921724

0.413223 -3.921724
0.415609 -3.920701
0.417995 -3.917565
0.420380 -3.912163
0.422766 -3.904361
0.425152 -3.894104
0.427538 -3.881413
0.429923 -3.866343
0.432309 -3.848963
0.434695 -3.829348
0.437081 -3.807575
0.439466 -3.783723
0.441852 -3.757878
0.444238 -3.730131
0.446624 -3.700580
0.449009 -3.669330
0.451395 -3.636492
0.453781 -3.602187
0.456166 -3.566544
0.458552 -3.529700
0.460938 -3.491799
0.463324 -3.452996
0.465709 -3.413453
0.468095 -3.373339
0.470481 -3.332835
0.472867 -3.292126
0.475253 -3.251406
0.477638 -3.210878
0.480024 -3.170746
0.482410 -3.131226
0.484795 -3.092532
0.487181 -3.054886
0.489567 -3.018507
0.491953 -2.983617
0.494339 -2.950434
0.496724 -2.919172
0.499110 -2.890038
0.501496 -2.863228
0.503881 -2.838927
0.506267 -2.817305
0.508653 -2.798513
0.511039 -2.782682
0.513424 -2.769922
0.515810 -2.760315
0.518196 -2.753919
0.520582 -2.750764
0.522967 -2.750852
0.525353 -2.754158
0.527739 -2.760631
0.530125 -2.770191
0.532510 -2.782738
0.534896 -2.798147
0.537282 -2.816277
0.539668 -2.836970
0.542053 -2.784403
0.544439 -2.716447
0.546825 -2.646910
0.549211 -2.575892
0.551596 -2.503503
0.553982 -2.429854
0.556368 -2.355067
0.558754 -2.279268
0.561139 -2.202587
0.563525 -2.125160
0.565911 -2.047130
0.568297 -1.968640
0.570682 -1.889839
0.573068 -1.810880
0.575454 -1.731919
0.577839 -1.653111
0.580225 -1.574616
0.582611 -1.496595
0.584997 -1.419208
0.587383 -1.342617
0.589768 -1.266981
0.592154 -1.192460
0.594540 -1.119211
0.596925 -1.047388
0.599311 -0.977143
0.601697 -0.908620
0.604083 -0.841963
0.606468 -0.777306
0.608854 -0.714776
0.611240 -0.654492
0.613626 -0.596564
0.616012 -0.541087
0.618397 -0.488146
0.620783 -0.437807
0.623169 -0.390118
0.625554 -0.345106
0.627940 -0.302773
0.630326 -0.263088
0.632712 -0.225989
0.635097 -0.191372
0.637483 -0.159092
0.639869 -0.128952
0.642255 -0.100706
0.644640 -0.074055
0.647026 -0.048652
0.649412 -0.024108
0.651798 0.000000


0.000000 0.000000
0.001377 0.081679
0.002755 0.163325
0.004132 0.244904
0.005510 0.326382
0.006887 0.407726
0.008264 0.488903
0.009642 0.569880
0.011019 0.650623
0.012397 0.731099
0.013774 0.811275
0.015152 0.891119
0.016529 0.970597
0.017906 1.049677
0.019284 1.128327
0.020661 1.206515
0.022039 1.284209
0.023416 1.361376
0.024793 1.437987
0.026171 1.514008
0.027548 1.589409
0.028926 1.664161
0.030303 1.738231
0.031680 1.811590
0.033058 1.884208
0.034435 1.956057
0.035813 2.027105
0.037190 2.097326
0.038567 2.166690
0.039945 2.235169
0.041322 2.302735
0.042700 2.369362
0.044077 2.435023
0.045455 2.499690
0.046832 2.563338
0.048209 2.625942
0.049587 2.687475
0.050964 2.747914
0.052342 2.807235
0.053719 2.865412
0.055096 2.922424
0.056474 2.978247
0.057851 3.032858
0.059229 3.086237
0.060606 3.138362
0.061983 3.189211
0.063361 3.238765
0.064738 3.287003
0.066116 3.333907
0.067493 3.379458
0.068871 3.423637
0.070248 3.466427
0.071625 3.507810
0.073003 3.547771
0.074380 3.586292
0.075758 3.623358
0.077135 3.658954
0.078512 3.693066
0.079890 3.725679
0.081267 3.756781
0.082645 3.786358
0.084022 3.814397
0.085399 3.840887
0.086777 3.865817
0.088154 3.889175
0.089532 3.910950
0.090909 3.931134
0.092286 3.949716
0.093664 3.966688
0.095041 3.982040
0.096419 3.995765
0.097796 4.007855
0.099174 4.018302
0.100551 4.027100
0.101928 4.034241
0.103306 4.039721
0.104683 4.043532
0.106061 4.045668
0.107438 4.046126
0.108815 4.044899
0.110193 4.041982
0.111570 4.037370
0.112948 4.031060
0.114325 4.023046
0.115702 4.013324
0.117080 4.001889
0.118457 3.988737
0.119835 3.973862
0.121212 3.957261
0.122590 3.938928
0.123967 3.918857
0.125344 3.897043
0.126722 3.873479
0.128099 3.848159
0.129477 3.821074
0.130854 3.792216
0.132231 3.761577
0.133609 3.729145
0.134986 3.694908
0.136364 3.658854
0.137741 3.620968

0.137741 3.620968
0.139119 3.620365
0.140496 3.618558
0.141873 3.615545
0.143251 3.611327
0.144628 3.605902
0.146006 3.599272
0.147383 3.591435
0.148760 3.582389
0.150138 3.572136
0.151515 3.560673
0.152893 3.547998
0.154270 3.534112
0.155647 3.519012
0.157025 3.502697
0.158402 3.485163
0.159780 3.466410
0.161157 3.446434
0.162534 3.425232
0.163912 3.402801
0.165289 3.379138
0.166667 3.354237
0.168044 3.328094
0.169422 3.300703
0.170799 3.272059
0.172176 3.242154
0.173554 3.210981
0.174931 3.178532
0.176309 3.144795
0.177686 3.109761
0.179063 3.073416
0.180441 3.035749
0.181818 2.996741
0.183196 2.956378
0.184573 2.914638
0.185950 2.871500
0.187328 2.826938
0.188705 2.780926
0.190083 2.733430
0.191460 2.684416
0.192837 2.633842
0.194215 2.581662
0.195592 2.527823
0.196970 2.472266
0.198347 2.414919
0.199724 2.355705
0.201102 2.294530
0.202479 2.231287
0.203857 2.165850
0.205234 2.098071
0.206612 2.027775
0.207989 1.954750
0.209366 1.878743
0.210744 1.799440
0.212121 1.716454
0.213499 1.629293
0.214876 1.537324
0.216253 1.439704
0.217631 1.335279
0.219008 1.222399
0.220386 1.098561
0.221763 0.959645
0.223140 0.797951
0.224518 0.595374
0.225895 0.272690
0.227273 -0.450996
0.228650 -0.691808
0.230027 -0.866627
0.231405 -1.010216
0.232782 -1.134410
0.234160 -1.244950
0.235537 -1.345139
0.236915 -1.437079
0.238292 -1.522207
0.239669 -1.601557
0.241047 -1.675897
0.242424 -1.745821
0.243802 -1.811794
0.245179 -1.874193
0.246557 -1.933322
0.247934 -1.989436
0.249311 -2.042748
0.250689 -2.093437
0.252066 -2.141658
0.253443 -2.187544
0.254821 -2.231210
0.256198 -2.272758
0.257576 -2.312277
0.258953 -2.349847
0.260331 -2.385539
0.261708 -2.419418
0.263085 -2.451542
0.264463 -2.481966
0.265840 -2.510742
0.267218 -2.537918
0.268595 -2.563539
0.269973 -2.587653
0.271350 -2.610303
0.272727 -2.631536
0.274105 -2.651397
0.275482 -2.669934

0.275482 -2.669934
0.276859 -2.670320
0.278237 -2.671476
0.279614 -2.673401
0.280992 -2.676091
0.282369 -2.679540
0.283747 -2.683744
0.285124 -2.688693
0.286501 -2.694379
0.287879 -2.700793
0.289256 -2.707921
0.290634 -2.715752
0.292011 -2.724272
0.293388 -2.733466
0.294766 -2.743318
0.296143 -2.753812
0.297521 -2.764929
0.298898 -2.776652
0.300275 -2.788962
0.301653 -2.801838
0.303030 -2.815260
0.304408 -2.829207
0.305785 -2.843658
0.307163 -2.858592
0.308540 -2.873985
0.309917 -2.889815
0.311295 -2.906061
0.312672 -2.922698
0.314050 -2.939704
0.315427 -2.957057
0.316804 -2.974732
0.318182 -2.992707
0.319559 -3.010959
0.320937 -3.029465
0.322314 -3.048203
0.323692 -3.067149
0.325069 -3.086281
0.326446 -3.105578
0.327824 -3.125017
0.329201 -3.144576
0.330578 -3.164235
0.331956 -3.183972
0.333333 -3.203766
0.334711 -3.223596
0.336088 -3.243444
0.337466 -3.263288
0.338843 -3.283110
0.340220 -3.302890
0.341598 -3.322610
0.342975 -3.342251
0.344353 -3.361796
0.345730 -3.381227
0.347107 -3.400527
0.348485 -3.419679
0.349862 -3.438667
0.351240 -3.457474
0.352617 -3.476086
0.353994 -3.494486
0.355372 -3.512660
0.356749 -3.530593
0.358127 -3.548272
0.359504 -3.565682
0.360882 -3.582810
0.362259 -3.599643
0.363636 -3.616168
0.365014 -3.632372
0.366391 -3.648245
0.367769 -3.663773
0.369146 -3.678945
0.370523 -3.693750
0.371901 -3.708178
0.373278 -3.722216
0.374656 -3.735855
0.376033 -3.749084
0.377410 -3.761892
0.378788 -3.774269
0.380165 -3.786206
0.381543 -3.797690
0.382920 -3.808713
0.384298 -3.819261
0.385675 -3.829325
0.387052 -3.838892
0.388430 -3.847949
0.389807 -3.856484
0.391185 -3.864485
0.392562 -3.871938
0.393939 -3.878835
0.395317 -3.885169
0.396694 -3.890940
0.398072 -3.896153
0.399449 -3.900821
0.400826 -3.904964
0.402204 -3.908601
0.403581 -3.911757
0.404959 -3.914450
0.406336 -3.916701
0.407714 -3.918524
0.409091 -3.919930
0.410468 -3.920929
0.411846 -3.921525
0.413223 -3.921724

0.413223 -3.921724
0.415609 -3.920701
0.417995 -3.917565
0.420380 -3.912163
0.422766 -3.904361
0.425152 -3.894104
0.427538 -3.881413
0.429923 -3.866343
0.432309 -3.848963
0.434695 -3.829348
0.437081 -3.807575
0.439466 -3.783723
0.441852 -3.757878
0.444238 -3.730131
0.446624 -3.700580
0.449009 -3.669330
0.451395 -3.636492
0.453781 -3.597809
0.456166 -3.553663
0.458552 -3.506369
0.460938 -3.455816
0.463324 -3.401888
0.465709 -3.344459
0.468095 -3.283391
0.470481 -3.218534
0.472867 -3.149726
0.475253 -3.076783
0.477638 -2.999502
0.480024 -2.917653
0.482410 -2.830973
0.484795 -2.739155
0.487181 -2.641840
0.489567 -2.538595
0.491953 -2.428890
0.494339 -2.312063
0.496724 -2.187266
0.499110 -2.053376
0.501496 -1.908860
0.503881 -1.751524
0.506267 -1.578043
0.508653 -1.382954
0.511039 -1.156109
0.513424 -0.874116
0.515810 -0.443694
0.518196 0.602654
0.520582 0.956137
0.522967 1.205921
0.525353 1.407630
0.527739 1.579184
0.530125 1.729033
0.532510 1.861925
0.534896 1.980820
0.537282 2.087688
0.539668 2.183913
0.542053 2.270496
0.544439 2.348186
0.546825 2.417555
0.549211 2.479046
0.551596 2.533013
0.553982 2.579739
0.556368 2.619458
0.558754 2.652361
0.561139 2.678614
0.563525 2.698359
0.565911 2.711722
0.568297 2.718817
0.570682 2.719751
0.573068 2.714623
0.575454 2.703533
0.577839 2.686577
0.580225 2.663853
0.582611 2.635462
0.584997 2.601507
0.587383 2.562095
0.589768 2.517338
0.592154 2.467355
0.594540 2.412269
0.596925 2.352211
0.599311 2.287317
0.601697 2.217733
0.604083 2.143608
0.606468 2.065103
0.608854 1.982381
0.611240 1.895616
0.613626 1.804987
0.616012 1.710683
0.618397 1.612895
0.620783 1.511824
0.623169 1.407677
0.625554 1.300665
0.627940 1.191006
0.630326 1.078924
0.632712 0.964647
0.635097 0.848407
0.637483 0.730439
0.639869 0.610985
0.642255 0.490288
0.644640 0.368592
0.647026 0.246146
0.649412 0.123198
0.651798 0.000000



