# distance  frequency (bands are separated by blank lines)
# End points of segments: 
#   0.00000000 0.12348110 0.24696220 0.37044330 0.58431880 
0.000000 0.000000
0.001235 0.041881
0.002470 0.083760
0.003704 0.125637
0.004939 0.167510
0.006174 0.209377
0.007409 0.251237
0.008644 0.293090
0.009879 0.334933
0.011113 0.376765
0.012348 0.418585
0.013583 0.460391
0.014818 0.502183
0.016053 0.543958
0.017287 0.585715
0.018522 0.627454
0.019757 0.669172
0.020992 0.710868
0.022227 0.752540
0.023461 0.794188
0.024696 0.835810
0.025931 0.877404
0.027166 0.918969
0.028401 0.960503
0.029635 1.002006
0.030870 1.043475
0.032105 1.084909
0.033340 1.126307
0.034575 1.167666
0.035810 1.208986
0.037044 1.250265
0.038279 1.291501
0.039514 1.332694
0.040749 1.373840
0.041984 1.414939
0.043218 1.455989
0.044453 1.496988
0.045688 1.537935
0.046923 1.578828
0.048158 1.619665
0.049392 1.660444
0.050627 1.701165
0.051862 1.741825
0.053097 1.782422
0.054332 1.822955
0.055566 1.863421
0.056801 1.903820
0.058036 1.944148
0.059271 1.984405
0.060506 2.024588
0.061740 2.064695
0.062975 2.104725
0.064210 2.144676
0.065445 2.184545
0.066680 2.224331
0.067915 2.264031
0.069149 2.303643
0.070384 2.343166
0.071619 2.382598
0.072854 2.421935
0.074089 2.461177
0.075324 2.500320
0.076558 2.539363
0.077793 2.578304
0.079028 2.617139
0.080263 2.655868
0.081498 2.694487
0.082732 2.732994
0.083967 2.771388
0.085202 2.809665
0.086437 2.847823
0.087672 2.885860
0.088906 2.923773
0.090141 2.961560
0.091376 2.999219
0.092611 3.036746
0.093846 3.074140
0.095080 3.111397
0.096315 3.148515
0.097550 3.185492
0.098785 3.222325
0.100020 3.259011
0.101254 3.295548
0.102489 3.331932
0.103724 3.368162
0.104959 3.404234
0.106194 3.440146
0.107429 3.475894
0.108663 3.511476
0.109898 3.546890
0.111133 3.582132
0.112368 3.617200
0.113603 3.652090
0.114837 3.686800
0.116072 3.721326
0.117307 3.755667
0.118542 3.789819
0.119777 3.823778
0.121011 3.857543
0.122246 3.891109
0.123481 3.924475

0.123481 3.924475
0.124716 3.923928
0.125951 3.922293
0.127186 3.919590
0.128420 3.915854
0.129655 3.911130
0.130890 3.905473
0.132125 3.898949
0.133360 3.891631
0.134594 3.883598
0.135829 3.874931
0.137064 3.865716
0.138299 3.856041
0.139534 3.845989
0.140768 3.835648
0.142003 3.825097
0.143238 3.814418
0.144473 3.803686
0.145708 3.792972
0.146943 3.782344
0.148177 3.771864
0.149412 3.761590
0.150647 3.751575
0.151882 3.741867
0.153117 3.732510
0.154351 3.723544
0.155586 3.715003
0.156821 3.706918
0.158056 3.699314
0.159291 3.692215
0.160525 3.685640
0.161760 3.679604
0.162995 3.674118
0.164230 3.669194
0.165465 3.664835
0.166700 3.661047
0.167934 3.657830
0.169169 3.655183
0.170404 3.653104
0.171639 3.651585
0.172874 3.650622
0.174108 3.650205
0.175343 3.650325
0.176578 3.650970
0.177813 3.652130
0.179048 3.653789
0.180282 3.655936
0.181517 3.658556
0.182752 3.661634
0.183987 3.665155
0.185222 3.669103
0.186456 3.673463
0.187691 3.678220
0.188926 3.683358
0.190161 3.688862
0.191396 3.694717
0.192631 3.700908
0.193865 3.707422
0.195100 3.714245
0.196335 3.721363
0.197570 3.728764
0.198805 3.736436
0.200039 3.744368
0.201274 3.752550
0.202509 3.760971
0.203744 3.769624
0.204979 3.778499
0.206213 3.787590
0.207448 3.796889
0.208683 3.806392
0.209918 3.816094
0.211153 3.825991
0.212388 3.836080
0.213622 3.846358
0.214857 3.856823
0.216092 3.867477
0.217327 3.878318
0.218561 3.889347
0.219796 3.900566
0.221031 3.911977
0.222266 3.923584
0.223501 3.935390
0.224736 3.947399
0.225970 3.959615
0.227205 3.972045
0.228440 3.984694
0.229675 3.997569
0.230910 4.010675
0.232145 4.024021
0.233379 4.037613
0.234614 4.051459
0.235849 4.065566
0.237084 4.079944
0.238318 4.094600
0.239553 4.109542
0.240788 4.124779
0.242023 4.140319
0.243258 4.156169
0.244493 4.172339
0.245727 4.188837
0.246962 4.205669

0.246962 4.205669
0.248197 4.205596
0.249432 4.205375
0.250667 4.205007
0.251901 4.204493
0.253136 4.203832
0.254371 4.203026
0.255606 4.202075
0.256841 4.200980
0.258076 4.199742
0.259310 4.198362
0.260545 4.196841
0.261780 4.195181
0.263015 4.193382
0.264250 4.191448
0.265484 4.189378
0.266719 4.187176
0.267954 4.184843
0.269189 4.182381
0.270424 4.179793
0.271658 4.177080
0.272893 4.174246
0.274128 4.171292
0.275363 4.168221
0.276598 4.165037
0.277832 4.161741
0.279067 4.158338
0.280302 4.154830
0.281537 4.151219
0.282772 4.147511
0.284006 4.143707
0.285241 4.139812
0.286476 4.135829
0.287711 4.131761
0.288946 4.127613
0.290181 4.123388
0.291415 4.119091
0.292650 4.114724
0.293885 4.110293
0.295120 4.105802
0.296355 4.101254
0.297589 4.096654
0.298824 4.092007
0.300059 4.087316
0.301294 4.082587
0.302529 4.077824
0.303764 4.073031
0.304998 4.068213
0.306233 4.063374
0.307468 4.058521
0.308703 4.053656
0.309938 4.048785
0.311172 4.043913
0.312407 4.039045
0.313642 4.034185
0.314877 4.029338
0.316112 4.024510
0.317346 4.019704
0.318581 4.014926
0.319816 4.010180
0.321051 4.005472
0.322286 4.000806
0.323520 3.996188
0.324755 3.991620
0.325990 3.987109
0.327225 3.982659
0.328460 3.978275
0.329695 3.973961
0.330929 3.969722
0.332164 3.965562
0.333399 3.961485
0.334634 3.957496
0.335869 3.953600
0.337103 3.949799
0.338338 3.946099
0.339573 3.942502
0.340808 3.939014
0.342043 3.935638
0.343278 3.932376
0.344512 3.929234
0.345747 3.926214
0.346982 3.923320
0.348217 3.920554
0.349452 3.917920
0.350686 3.915421
0.351921 3.913059
0.353156 3.910837
0.354391 3.908758
0.355626 3.906823
0.356860 3.905035
0.358095 3.903395
0.359330 3.901907
0.360565 3.900570
0.361800 3.899387
0.363034 3.898360
0.364269 3.897488
0.365504 3.896774
0.366739 3.896217
0.367974 3.895819
0.369208 3.895580
0.370443 3.895501

0.370443 3.895501
0.372582 3.895052
0.374721 3.893707
0.376860 3.891466
0.378998 3.888331
0.381137 3.884302
0.383276 3.879383
0.385415 3.873575
0.387553 3.866883
0.389692 3.859309
0.391831 3.850856
0.393970 3.841529
0.396108 3.831331
0.398247 3.820267
0.400386 3.808341
0.402525 3.795557
0.404663 3.781919
0.406802 3.767431
0.408941 3.752097
0.411080 3.735921
0.413218 3.718905
0.415357 3.701054
0.417496 3.682368
0.419635 3.662851
0.421773 3.642505
0.423912 3.621330
0.426051 3.599328
0.428190 3.576498
0.430328 3.552841
0.432467 3.528357
0.434606 3.503044
0.436745 3.476900
0.438883 3.449926
0.441022 3.422117
0.443161 3.393473
0.445300 3.363990
0.447439 3.333666
0.449577 3.302500
0.451716 3.270487
0.453855 3.237626
0.455993 3.203915
0.458132 3.169352
0.460271 3.133936
0.462410 3.097665
0.464548 3.060539
0.466687 3.022559
0.468826 2.983725
0.470965 2.944039
0.473104 2.903505
0.475242 2.862126
0.477381 2.819907
0.479520 2.776853
0.481659 2.732972
0.483797 2.688272
0.485936 2.642762
0.488075 2.596453
0.490214 2.549357
0.492352 2.501486
0.494491 2.452855
0.496630 2.403480
0.498769 2.353376
0.500907 2.302562
0.503046 2.251057
0.505185 2.198880
0.507324 2.146052
0.509462 2.092594
0.511601 2.038529
0.513740 1.983879
0.515879 1.928669
0.518017 1.872922
0.520156 1.816662
0.522295 1.759915
0.524434 1.702705
0.526572 1.645057
0.528711 1.586995
0.530850 1.528545
0.532989 1.469731
0.535127 1.410576
0.537266 1.351104
0.539405 1.291338
0.541544 1.231300
0.543682 1.171012
0.545821 1.110494
0.547960 1.049766
0.550099 0.988848
0.552238 0.927757
0.554376 0.866509
0.556515 0.805122
0.558654 0.743610
0.560793 0.681988
0.562931 0.620268
0.565070 0.558462
0.567209 0.496583
0.569348 0.434640
0.571486 0.372643
0.573625 0.310601
0.575764 0.248523
0.577903 0.186417
0.580041 0.124289
0.582180 0.062148
0.584319 -0.000000


0.000000 0.000000
0.001235 0.041881
0.002470 0.083760
0.003704 0.125637
0.004939 0.167510
0.006174 0.209377
0.007409 0.251237
0.008644 0.293090
0.009879 0.334933
0.011113 0.376765
0.012348 0.418585
0.013583 0.460391
0.014818 0.502183
0.016053 0.543958
0.017287 0.585715
0.018522 0.627454
0.019757 0.669172
0.020992 0.710868
0.022227 0.752540
0.023461 0.794188
0.024696 0.835810
0.025931 0.877404
0.027166 0.918969
0.028401 0.960503
0.029635 1.002006
0.030870 1.043475
0.032105 1.084909
0.033340 1.126307
0.034575 1.167666
0.035810 1.208986
0.037044 1.250265
0.038279 1.291501
0.039514 1.332694
0.040749 1.373840
0.041984 1.414939
0.043218 1.455989
0.044453 1.496988
0.045688 1.537935
0.046923 1.578828
0.048158 1.619665
0.049392 1.660444
0.050627 1.701165
0.051862 1.741825
0.053097 1.782422
0.054332 1.822955
0.055566 1.863421
0.056801 1.903820
0.058036 1.944148
0.059271 1.984405
0.060506 2.024588
0.061740 2.064695
0.062975 2.104725
0.064210 2.144676
0.065445 2.184545
0.066680 2.224331
0.067915 2.264031
0.069149 2.303643
0.070384 2.343166
0.071619 2.382598
0.072854 2.421935
0.074089 2.461177
0.075324 2.500320
0.076558 2.539363
0.077793 2.578304
0.079028 2.617139
0.080263 2.655868
0.081498 2.694487
0.082732 2.732994
0.083967 2.771388
0.085202 2.809665
0.086437 2.847823
0.087672 2.885860
0.088906 2.923773
0.090141 2.961560
0.091376 2.999219
0.092611 3.036746
0.093846 3.074140
0.095080 3.111397
0.096315 3.148515
0.097550 3.185492
0.098785 3.222325
0.100020 3.259011
0.101254 3.295548
0.102489 3.331932
0.103724 3.368162
0.104959 3.404234
0.106194 3.440146
0.107429 3.475894
0.108663 3.511476
0.109898 3.546890
0.111133 3.582132
0.112368 3.617200
0.113603 3.652090
0.114837 3.686800
0.116072 3.721326
0.117307 3.755667
0.118542 3.789819
0.119777 3.823778
0.121011 3.857543
0.122246 3.891109
0.123481 3.924475

0.123481 3.924475
0.124716 3.923928
0.125951 3.922293
0.127186 3.919590
0.128420 3.915854
0.129655 3.911130
0.130890 3.905473
0.132125 3.898949
0.133360 3.891631
0.134594 3.883598
0.135829 3.874931
0.137064 3.865716
0.138299 3.856041
0.139534 3.845989
0.140768 3.835648
0.142003 3.825097
0.143238 3.814418
0.144473 3.803686
0.145708 3.792972
0.146943 3.782344
0.148177 3.771864
0.149412 3.761590
0.150647 3.751575
0.151882 3.741867
0.153117 3.732510
0.154351 3.723544
0.155586 3.715003
0.156821 3.706918
0.158056 3.699314
0.159291 3.692215
0.160525 3.685640
0.161760 3.679604
0.162995 3.674118
0.164230 3.669194
0.165465 3.664835
0.166700 3.661047
0.167934 3.657830
0.169169 3.655183
0.170404 3.653104
0.171639 3.651585
0.172874 3.650622
0.174108 3.650205
0.175343 3.650325
0.176578 3.650970
0.177813 3.652130
0.179048 3.653789
0.180282 3.655936
0.181517 3.658556
0.182752 3.661634
0.183987 3.665155
0.185222 3.669103
0.186456 3.673463
0.187691 3.678220
0.188926 3.683358
0.190161 3.688862
0.191396 3.694717
0.192631 3.700908
0.193865 3.707422
0.195100 3.714245
0.196335 3.721363
0.197570 3.728764
0.198805 3.736436
0.200039 3.744368
0.201274 3.752550
0.202509 3.760971
0.203744 3.769624
0.204979 3.778499
0.206213 3.787590
0.207448 3.796889
0.208683 3.806392
0.209918 3.816094
0.211153 3.825991
0.212388 3.836080
0.213622 3.846358
0.214857 3.856823
0.216092 3.867477
0.217327 3.878318
0.218561 3.889347
0.219796 3.900566
0.221031 3.911977
0.222266 3.923584
0.223501 3.935390
0.224736 3.947399
0.225970 3.959615
0.227205 3.972045
0.228440 3.984694
0.229675 3.997569
0.230910 4.010675
0.232145 4.024021
0.233379 4.037613
0.234614 4.051459
0.235849 4.065566
0.237084 4.079944
0.238318 4.094600
0.239553 4.109542
0.240788 4.124779
0.242023 4.140319
0.243258 4.156169
0.244493 4.172339
0.245727 4.188837
0.246962 4.205669

0.246962 4.205669
0.248197 4.205596
0.249432 4.205375
0.250667 4.205007
0.251901 4.204493
0.253136 4.203832
0.254371 4.203026
0.255606 4.202075
0.256841 4.200980
0.258076 4.199742
0.259310 4.198362
0.260545 4.196841
0.261780 4.195181
0.263015 4.193382
0.264250 4.191448
0.265484 4.189378
0.266719 4.187176
0.267954 4.184843
0.269189 4.182381
0.270424 4.179793
0.271658 4.177080
0.272893 4.174246
0.274128 4.171292
0.275363 4.168221
0.276598 4.165037
0.277832 4.161741
0.279067 4.158338
0.280302 4.154830
0.281537 4.151219
0.282772 4.147511
0.284006 4.143707
0.285241 4.139812
0.286476 4.135829
0.287711 4.131761
0.288946 4.127613
0.290181 4.123388
0.291415 4.119091
0.292650 4.114724
0.293885 4.110293
0.295120 4.105802
0.296355 4.101254
0.297589 4.096654
0.298824 4.092007
0.300059 4.087316
0.301294 4.082587
0.302529 4.077824
0.303764 4.073031
0.304998 4.068213
0.306233 4.063374
0.307468 4.058521
0.308703 4.053656
0.309938 4.048785
0.311172 4.043913
0.312407 4.039045
0.313642 4.034185
0.314877 4.029338
0.316112 4.024510
0.317346 4.019704
0.318581 4.014926
0.319816 4.010180
0.321051 4.005472
0.322286 4.000806
0.323520 3.996188
0.324755 3.991620
0.325990 3.987109
0.327225 3.982659
0.328460 3.978275
0.329695 3.973961
0.330929 3.969722
0.332164 3.965562
0.333399 3.961485
0.334634 3.957496
0.335869 3.953600
0.337103 3.949799
0.338338 3.946099
0.339573 3.942502
0.340808 3.939014
0.342043 3.935638
0.343278 3.932376
0.344512 3.929234
0.345747 3.926214
0.346982 3.923320
0.348217 3.920554
0.349452 3.917920
0.350686 3.915421
0.351921 3.913059
0.353156 3.910837
0.354391 3.908758
0.355626 3.906823
0.356860 3.905035
0.358095 3.903395
0.359330 3.901907
0.360565 3.900570
0.361800 3.899387
0.363034 3.898360
0.364269 3.897488
0.365504 3.896774
0.366739 3.896217
0.367974 3.895819
0.369208 3.895580
0.370443 3.895501

0.370443 3.895501
0.372582 3.895052
0.374721 3.893707
0.376860 3.891466
0.378998 3.888331
0.381137 3.884302
0.383276 3.879383
0.385415 3.873575
0.387553 3.866883
0.389692 3.859309
0.391831 3.850856
0.393970 3.841529
0.396108 3.831331
0.398247 3.820267
0.400386 3.808341
0.402525 3.795557
0.404663 3.781919
0.406802 3.767431
0.408941 3.752097
0.411080 3.735921
0.413218 3.718905
0.415357 3.701054
0.417496 3.682368
0.419635 3.662851
0.421773 3.642505
0.423912 3.621330
0.426051 3.599328
0.428190 3.576498
0.430328 3.552841
0.432467 3.528357
0.434606 3.503044
0.436745 3.476900
0.438883 3.449926
0.441022 3.422117
0.443161 3.393473
0.445300 3.363990
0.447439 3.333666
0.449577 3.302500
0.451716 3.270487
0.453855 3.237626
0.455993 3.203915
0.458132 3.169352
0.460271 3.133936
0.462410 3.097665
0.464548 3.060539
0.466687 3.022559
0.468826 2.983725
0.470965 2.944039
0.473104 2.903505
0.475242 2.862126
0.477381 2.819907
0.479520 2.776853
0.481659 2.732972
0.483797 2.688272
0.485936 2.642762
0.488075 2.596453
0.490214 2.549357
0.492352 2.501486
0.494491 2.452855
0.496630 2.403480
0.498769 2.353376
0.500907 2.302562
0.503046 2.251057
0.505185 2.198880
0.507324 2.146052
0.509462 2.092594
0.511601 2.038529
0.513740 1.983879
0.515879 1.928669
0.518017 1.872922
0.520156 1.816662
0.522295 1.759915
0.524434 1.702705
0.526572 1.645057
0.528711 1.586995
0.530850 1.528545
0.532989 1.469731
0.535127 1.410576
0.537266 1.351104
0.539405 1.291338
0.541544 1.231300
0.543682 1.171012
0.545821 1.110494
0.547960 1.049766
0.550099 0.988848
0.552238 0.927757
0.554376 0.866509
0.556515 0.805122
0.558654 0.743610
0.560793 0.681988
0.562931 0.620268
0.565070 0.558462
0.567209 0.496583
0.569348 0.434640
0.571486 0.372643
0.573625 0.310601
0.575764 0.248523
0.577903 0.186417
0.580041 0.124289
0.582180 0.062148
0.584319 0.000000


0.000000 0.000000
0.001235 0.078317
0.002470 0.156614
0.003704 0.234872
0.004939 0.313073
0.006174 0.391196
0.007409 0.469222
0.008644 0.547133
0.009879 0.624908
0.011113 0.702530
0.012348 0.779979
0.013583 0.857237
0.014818 0.934284
0.016053 1.011103
0.017287 1.087675
0.018522 1.163983
0.019757 1.240007
0.020992 1.315732
0.022227 1.391138
0.023461 1.466210
0.024696 1.540930
0.025931 1.615281
0.027166 1.689248
0.028401 1.762814
0.029635 1.835964
0.030870 1.908682
0.032105 1.980953
0.033340 2.052762
0.034575 2.124096
0.035810 2.194940
0.037044 2.265281
0.038279 2.335105
0.039514 2.404401
0.040749 2.473157
0.041984 2.541359
0.043218 2.608998
0.044453 2.676062
0.045688 2.742541
0.046923 2.808426
0.048158 2.873707
0.049392 2.938376
0.050627 3.002425
0.051862 3.065846
0.053097 3.128631
0.054332 3.190776
0.055566 3.252274
0.056801 3.313121
0.058036 3.373310
0.059271 3.432840
0.060506 3.491706
0.061740 3.549906
0.062975 3.607438
0.064210 3.664301
0.065445 3.720494
0.066680 3.776018
0.067915 3.830873
0.069149 3.885061
0.070384 3.938584
0.071619 3.991444
0.072854 4.043647
0.074089 4.095195
0.075324 4.146094
0.076558 4.196350
0.077793 4.245969
0.079028 4.294958
0.080263 4.343325
0.081498 4.391078
0.082732 4.438227
0.083967 4.484782
0.085202 4.530753
0.086437 4.576151
0.087672 4.620988
0.088906 4.665277
0.090141 4.709031
0.091376 4.711528
0.092611 4.684451
0.093846 4.657095
0.095080 4.629461
0.096315 4.601555
0.097550 4.573377
0.098785 4.544932
0.100020 4.516222
0.101254 4.487250
0.102489 4.458019
0.103724 4.428533
0.104959 4.398795
0.106194 4.368806
0.107429 4.338571
0.108663 4.308093
0.109898 4.277374
0.111133 4.246418
0.112368 4.215228
0.113603 4.183807
0.114837 4.152157
0.116072 4.120282
0.117307 4.088185
0.118542 4.055869
0.119777 4.023337
0.121011 3.990592
0.122246 3.957637
0.123481 3.924475

0.123481 3.924475
0.124716 3.924908
0.125951 3.926206
0.127186 3.928368
0.128420 3.931391
0.129655 3.935272
0.130890 3.940007
0.132125 3.945591
0.133360 3.952016
0.134594 3.959277
0.135829 3.967366
0.137064 3.976273
0.138299 3.985989
0.139534 3.996504
0.140768 4.007808
0.142003 4.019887
0.143238 4.032730
0.144473 4.046324
0.145708 4.060654
0.146943 4.075708
0.148177 4.091470
0.149412 4.107925
0.150647 4.125057
0.151882 4.142851
0.153117 4.161291
0.154351 4.180358
0.155586 4.200038
0.156821 4.220312
0.158056 4.241163
0.159291 4.262573
0.160525 4.284526
0.161760 4.307003
0.162995 4.329986
0.164230 4.353458
0.165465 4.377401
0.166700 4.401797
0.167934 4.426628
0.169169 4.451877
0.170404 4.477525
0.171639 4.503556
0.172874 4.529952
0.174108 4.556696
0.175343 4.583770
0.176578 4.611159
0.177813 4.638845
0.179048 4.666812
0.180282 4.695044
0.181517 4.723525
0.182752 4.752238
0.183987 4.781170
0.185222 4.810303
0.186456 4.839625
0.187691 4.869119
0.188926 4.898772
0.190161 4.928569
0.191396 4.958497
0.192631 4.988542
0.193865 5.018690
0.195100 5.048931
0.196335 5.079249
0.197570 5.109634
0.198805 5.140072
0.200039 5.124796
0.201274 5.094243
0.202509 5.063934
0.203744 5.033883
0.204979 5.004101
0.206213 4.974601
0.207448 4.945396
0.208683 4.916496
0.209918 4.887913
0.211153 4.859656
0.212388 4.831735
0.213622 4.804160
0.214857 4.776938
0.216092 4.750078
0.217327 4.723587
0.218561 4.697472
0.219796 4.671738
0.221031 4.646391
0.222266 4.621435
0.223501 4.596875
0.224736 4.572712
0.225970 4.548951
0.227205 4.525593
0.228440 4.502638
0.229675 4.480089
0.230910 4.457943
0.232145 4.436201
0.233379 4.414862
0.234614 4.393922
0.235849 4.373380
0.237084 4.353232
0.238318 4.333474
0.239553 4.314102
0.240788 4.295111
0.242023 4.276496
0.243258 4.258251
0.244493 4.240369
0.245727 4.222844
0.246962 4.205669

0.246962 4.205669
0.248197 4.205596
0.249432 4.205375
0.250667 4.205007
0.251901 4.204493
0.253136 4.203832
0.254371 4.203026
0.255606 4.202075
0.256841 4.200980
0.258076 4.199742
0.259310 4.198362
0.260545 4.196841
0.261780 4.195181
0.263015 4.193382
0.264250 4.191448
0.265484 4.189378
0.266719 4.187176
0.267954 4.184843
0.269189 4.182381
0.270424 4.179793
0.271658 4.177080
0.272893 4.174246
0.274128 4.171292
0.275363 4.168221
0.276598 4.165037
0.277832 4.161741
0.279067 4.158338
0.280302 4.154830
0.281537 4.151219
0.282772 4.147511
0.284006 4.143707
0.285241 4.139812
0.286476 4.135829
0.287711 4.131761
0.288946 4.127613
0.290181 4.123388
0.291415 4.119091
0.292650 4.114724
0.293885 4.110293
0.295120 4.105802
0.296355 4.101254
0.297589 4.096654
0.298824 4.092007
0.300059 4.087316
0.301294 4.082587
0.302529 4.077824
0.303764 4.073031
0.304998 4.068213
0.306233 4.063374
0.307468 4.058521
0.308703 4.053656
0.309938 4.048785
0.311172 4.043913
0.312407 4.039045
0.313642 4.034185
0.314877 4.029338
0.316112 4.024510
0.317346 4.019704
0.318581 4.014926
0.319816 4.010180
0.321051 4.005472
0.322286 4.000806
0.323520 3.996188
0.324755 3.991620
0.325990 3.987109
0.327225 3.982659
0.328460 3.978275
0.329695 3.973961
0.330929 3.969722
0.332164 3.965562
0.333399 3.961485
0.334634 3.957496
0.335869 3.953600
0.337103 3.949799
0.338338 3.946099
0.339573 3.942502
0.340808 3.939014
0.342043 3.935638
0.343278 3.932376
0.344512 3.929234
0.345747 3.926214
0.346982 3.923320
0.348217 3.920554
0.349452 3.917920
0.350686 3.915421
0.351921 3.913059
0.353156 3.910837
0.354391 3.908758
0.355626 3.906823
0.356860 3.905035
0.358095 3.903395
0.359330 3.901907
0.360565 3.900570
0.361800 3.899387
0.363034 3.898360
0.364269 3.897488
0.365504 3.896774
0.366739 3.896217
0.367974 3.895819
0.369208 3.895580
0.370443 3.895501

0.370443 3.895501
0.372582 3.896145
0.374721 3.898076
0.376860 3.901293
0.378998 3.905793
0.381137 3.911572
0.383276 3.918625
0.385415 3.926946
0.387553 3.936524
0.389692 3.947351
0.391831 3.959413
0.393970 3.972696
0.396108 3.987181
0.398247 4.002848
0.400386 4.019674
0.402525 4.037632
0.404663 4.056690
0.406802 4.076817
0.408941 4.097973
0.411080 4.120119
0.413218 4.143210
0.415357 4.167197
0.417496 4.192030
0.419635 4.217655
0.421773 4.244013
0.423912 4.271046
0.426051 4.298690
0.428190 4.326882
0.430328 4.355556
0.432467 4.384645
0.434606 4.414081
0.436745 4.443799
0.438883 4.473729
0.441022 4.503805
0.443161 4.533963
0.445300 4.564139
0.447439 4.594271
0.449577 4.624302
0.451716 4.654174
0.453855 4.683837
0.455993 4.713242
0.458132 4.742344
0.460271 4.771103
0.462410 4.799485
0.464548 4.827456
0.466687 4.854993
0.468826 4.882073
0.470965 4.908681
0.473104 4.934804
0.475242 4.960435
0.477381 4.985573
0.479520 5.010219
0.481659 5.034379
0.483797 5.058063
0.485936 5.081285
0.488075 5.104060
0.490214 5.126407
0.492352 5.148348
0.494491 5.169905
0.496630 5.191102
0.498769 5.211962
0.500907 5.232512
0.503046 5.252774
0.505185 5.272772
0.507324 5.239484
0.509462 5.100486
0.511601 4.960457
0.513740 4.819467
0.515879 4.677586
0.518017 4.534887
0.520156 4.391439
0.522295 4.247314
0.524434 4.102582
0.526572 3.957312
0.528711 3.811571
0.530850 3.665425
0.532989 3.518937
0.535127 3.372167
0.537266 3.225174
0.539405 3.078010
0.541544 2.930728
0.543682 2.783373
0.545821 2.635988
0.547960 2.488612
0.550099 2.341278
0.552238 2.194016
0.554376 2.046850
0.556515 1.899800
0.558654 1.752882
0.560793 1.606106
0.562931 1.459478
0.565070 1.313001
0.567209 1.166672
0.569348 1.020484
0.571486 0.874430
0.573625 0.728495
0.575764 0.582664
0.577903 0.436920
0.580041 0.291242
0.582180 0.145610
0.584319 0.000000


0.000000 5.766775
0.001235 5.766571
0.002470 5.765959
0.003704 5.764939
0.004939 5.763512
0.006174 5.761678
0.007409 5.759436
0.008644 5.756788
0.009879 5.753733
0.011113 5.750271
0.012348 5.746404
0.013583 5.742132
0.014818 5.737455
0.016053 5.732374
0.017287 5.726889
0.018522 5.721001
0.019757 5.714712
0.020992 5.708021
0.022227 5.700929
0.023461 5.693438
0.024696 5.685549
0.025931 5.677261
0.027166 5.668578
0.028401 5.659498
0.029635 5.650024
0.030870 5.640157
0.032105 5.629898
0.033340 5.619248
0.034575 5.608209
0.035810 5.596782
0.037044 5.584968
0.038279 5.572769
0.039514 5.560186
0.040749 5.547222
0.041984 5.533877
0.043218 5.520153
0.044453 5.506051
0.045688 5.491575
0.046923 5.476725
0.048158 5.461503
0.049392 5.445911
0.050627 5.429951
0.051862 5.413625
0.053097 5.396935
0.054332 5.379883
0.055566 5.362471
0.056801 5.344701
0.058036 5.326575
0.059271 5.308096
0.060506 5.289265
0.061740 5.270086
0.062975 5.250559
0.064210 5.230689
0.065445 5.210476
0.066680 5.189923
0.067915 5.169034
0.069149 5.147810
0.070384 5.126253
0.071619 5.104367
0.072854 5.082154
0.074089 5.059616
0.075324 5.036756
0.076558 5.013577
0.077793 4.990081
0.079028 4.966272
0.080263 4.942151
0.081498 4.917723
0.082732 4.892988
0.083967 4.867951
0.085202 4.842613
0.086437 4.816979
0.087672 4.791050
0.088906 4.764830
0.090141 4.738322
0.091376 4.711528
0.092611 4.684451
0.093846 4.657095
0.095080 4.629461
0.096315 4.601555
0.097550 4.573377
0.098785 4.544932
0.100020 4.516222
0.101254 4.487250
0.102489 4.458019
0.103724 4.428533
0.104959 4.398795
0.106194 4.368806
0.107429 4.338571
0.108663 4.308093
0.109898 4.277374
0.111133 4.246418
0.112368 4.215228
0.113603 4.183807
0.114837 4.152157
0.116072 4.120282
0.117307 4.088185
0.118542 4.055869
0.119777 4.023337
0.121011 3.990592
0.122246 3.957637
0.123481 3.924475

0.123481 3.924475
0.124716 3.924908
0.125951 3.926206
0.127186 3.928368
0.128420 3.931391
0.129655 3.935272
0.130890 3.940007
0.132125 3.945591
0.133360 3.952016
0.134594 3.959277
0.135829 3.967366
0.137064 3.976273
0.138299 3.985989
0.139534 3.996504
0.140768 4.007808
0.142003 4.019887
0.143238 4.032730
0.144473 4.046324
0.145708 4.060654
0.146943 4.075708
0.148177 4.091470
0.149412 4.107925
0.150647 4.125057
0.151882 4.142851
0.153117 4.161291
0.154351 4.180358
0.155586 4.200038
0.156821 4.220312
0.158056 4.241163
0.159291 4.262573
0.160525 4.284526
0.161760 4.307003
0.162995 4.329986
0.164230 4.353458
0.165465 4.377401
0.166700 4.401797
0.167934 4.426628
0.169169 4.451877
0.170404 4.477525
0.171639 4.503556
0.172874 4.529952
0.174108 4.556696
0.175343 4.583770
0.176578 4.611159
0.177813 4.638845
0.179048 4.666812
0.180282 4.695044
0.181517 4.723525
0.182752 4.752238
0.183987 4.781170
0.185222 4.810303
0.186456 4.839625
0.187691 4.869119
0.188926 4.898772
0.190161 4.928569
0.191396 4.958497
0.192631 4.988542
0.193865 5.018690
0.195100 5.048931
0.196335 5.079249
0.197570 5.109634
0.198805 5.140072
0.200039 5.124796
0.201274 5.094243
0.202509 5.063934
0.203744 5.033883
0.204979 5.004101
0.206213 4.974601
0.207448 4.945396
0.208683 4.916496
0.209918 4.887913
0.211153 4.859656
0.212388 4.831735
0.213622 4.804160
0.214857 4.776938
0.216092 4.750078
0.217327 4.723587
0.218561 4.697472
0.219796 4.671738
0.221031 4.646391
0.222266 4.621435
0.223501 4.596875
0.224736 4.572712
0.225970 4.548951
0.227205 4.525593
0.228440 4.502638
0.229675 4.480089
0.230910 4.457943
0.232145 4.436201
0.233379 4.414862
0.234614 4.393922
0.235849 4.373380
0.237084 4.353232
0.238318 4.333474
0.239553 4.314102
0.240788 4.295111
0.242023 4.276496
0.243258 4.258251
0.244493 4.240369
0.245727 4.222844
0.246962 4.205669

0.246962 4.205669
0.248197 4.205596
0.249432 4.205375
0.250667 4.205007
0.251901 4.204493
0.253136 4.203832
0.254371 4.203026
0.255606 4.202075
0.256841 4.200980
0.258076 4.199742
0.259310 4.198362
0.260545 4.196841
0.261780 4.195181
0.263015 4.193382
0.264250 4.191448
0.265484 4.189378
0.266719 4.187176
0.267954 4.184843
0.269189 4.182381
0.270424 4.179793
0.271658 4.177080
0.272893 4.174246
0.274128 4.171292
0.275363 4.168221
0.276598 4.165037
0.277832 4.161741
0.279067 4.158338
0.280302 4.154830
0.281537 4.151219
0.282772 4.147511
0.284006 4.143707
0.285241 4.139812
0.286476 4.135829
0.287711 4.131761
0.288946 4.127613
0.290181 4.123388
0.291415 4.119091
0.292650 4.114724
0.293885 4.110293
0.295120 4.105802
0.296355 4.101254
0.297589 4.096654
0.298824 4.092007
0.300059 4.087316
0.301294 4.082587
0.302529 4.077824
0.303764 4.073031
0.304998 4.068213
0.306233 4.063374
0.307468 4.058521
0.308703 4.053656
0.309938 4.048785
0.311172 4.043913
0.312407 4.039045
0.313642 4.034185
0.314877 4.029338
0.316112 4.024510
0.317346 4.019704
0.318581 4.014926
0.319816 4.010180
0.321051 4.005472
0.322286 4.000806
0.323520 3.996188
0.324755 3.991620
0.325990 3.987109
0.327225 3.982659
0.328460 3.978275
0.329695 3.973961
0.330929 3.969722
0.332164 3.965562
0.333399 3.961485
0.334634 3.957496
0.335869 3.953600
0.337103 3.949799
0.338338 3.946099
0.339573 3.942502
0.340808 3.939014
0.342043 3.935638
0.343278 3.932376
0.344512 3.929234
0.345747 3.926214
0.346982 3.923320
0.348217 3.920554
0.349452 3.917920
0.350686 3.915421
0.351921 3.913059
0.353156 3.910837
0.354391 3.908758
0.355626 3.906823
0.356860 3.905035
0.358095 3.903395
0.359330 3.901907
0.360565 3.900570
0.361800 3.899387
0.363034 3.898360
0.364269 3.897488
0.365504 3.896774
0.366739 3.896217
0.367974 3.895819
0.369208 3.895580
0.370443 3.895501

0.370443 3.895501
0.372582 3.896145
0.374721 3.898076
0.376860 3.901293
0.378998 3.905793
0.381137 3.911572
0.383276 3.918625
0.385415 3.926946
0.387553 3.936524
0.389692 3.947351
0.391831 3.959413
0.393970 3.972696
0.396108 3.987181
0.398247 4.002848
0.400386 4.019674
0.402525 4.037632
0.404663 4.056690
0.406802 4.076817
0.408941 4.097973
0.411080 4.120119
0.413218 4.143210
0.415357 4.167197
0.417496 4.192030
0.419635 4.217655
0.421773 4.244013
0.423912 4.271046
0.426051 4.298690
0.428190 4.326882
0.430328 4.355556
0.432467 4.384645
0.434606 4.414081
0.436745 4.443799
0.438883 4.473729
0.441022 4.503805
0.443161 4.533963
0.445300 4.564139
0.447439 4.594271
0.449577 4.624302
0.451716 4.654174
0.453855 4.683837
0.455993 4.713242
0.458132 4.742344
0.460271 4.771103
0.462410 4.799485
0.464548 4.827456
0.466687 4.854993
0.468826 4.882073
0.470965 4.908681
0.473104 4.934804
0.475242 4.960435
0.477381 4.985573
0.479520 5.010219
0.481659 5.034379
0.483797 5.058063
0.485936 5.081285
0.488075 5.104060
0.490214 5.126407
0.492352 5.148348
0.494491 5.169905
0.496630 5.191102
0.498769 5.211962
0.500907 5.232512
0.503046 5.252774
0.505185 5.272772
0.507324 5.292528
0.509462 5.312061
0.511601 5.331389
0.513740 5.350527
0.515879 5.369485
0.518017 5.388272
0.520156 5.406891
0.522295 5.425343
0.524434 5.443624
0.526572 5.461725
0.528711 5.479633
0.530850 5.497332
0.532989 5.514800
0.535127 5.532011
0.537266 5.548937
0.539405 5.565545
0.541544 5.581798
0.543682 5.597658
0.545821 5.613083
0.547960 5.628029
0.550099 5.642452
0.552238 5.656305
0.554376 5.669541
0.556515 5.682114
0.558654 5.693976
0.560793 5.705083
0.562931 5.715391
0.565070 5.724857
0.567209 5.733441
0.569348 5.741108
0.571486 5.747824
0.573625 5.753559
0.575764 5.758287
0.577903 5.761988
0.580041 5.764643
0.582180 5.766241
0.584319 5.766775


0.000000 5.766775
0.001235 5.766571
0.002470 5.765959
0.003704 5.764939
0.004939 5.763512
0.006174 5.761678
0.007409 5.759436
0.008644 5.756788
0.009879 5.753733
0.011113 5.750271
0.012348 5.746404
0.013583 5.742132
0.014818 5.737455
0.016053 5.732374
0.017287 5.726889
0.018522 5.721001
0.019757 5.714712
0.020992 5.708021
0.022227 5.700929
0.023461 5.693438
0.024696 5.685549
0.025931 5.677261
0.027166 5.668578
0.028401 5.659498
0.029635 5.650024
0.030870 5.640157
0.032105 5.629898
0.033340 5.619248
0.034575 5.608209
0.035810 5.596782
0.037044 5.584968
0.038279 5.572769
0.039514 5.560186
0.040749 5.547222
0.041984 5.533877
0.043218 5.520153
0.044453 5.506051
0.045688 5.491575
0.046923 5.476725
0.048158 5.461503
0.049392 5.445911
0.050627 5.429951
0.051862 5.413625
0.053097 5.396935
0.054332 5.379883
0.055566 5.362471
0.056801 5.344701
0.058036 5.326575
0.059271 5.308096
0.060506 5.289265
0.061740 5.270086
0.062975 5.250559
0.064210 5.230689
0.065445 5.210476
0.066680 5.189923
0.067915 5.169034
0.069149 5.147810
0.070384 5.126253
0.071619 5.104367
0.072854 5.082154
0.074089 5.059616
0.075324 5.036756
0.076558 5.013577
0.077793 4.990081
0.079028 4.966272
0.080263 4.942151
0.081498 4.917723
0.082732 4.892988
0.083967 4.867951
0.085202 4.842613
0.086437 4.816979
0.087672 4.791050
0.088906 4.764830
0.090141 4.738322
0.091376 4.752263
0.092611 4.794987
0.093846 4.837219
0.095080 4.878974
0.096315 4.920267
0.097550 4.961116
0.098785 5.001536
0.100020 5.041544
0.101254 5.081160
0.102489 5.120400
0.103724 5.159284
0.104959 5.197829
0.106194 5.236055
0.107429 5.273981
0.108663 5.311626
0.109898 5.349010
0.111133 5.386152
0.112368 5.423072
0.113603 5.459791
0.114837 5.496327
0.116072 5.532700
0.117307 5.568931
0.118542 5.605038
0.119777 5.641040
0.121011 5.676957
0.122246 5.712807
0.123481 5.748609

0.123481 5.748609
0.124716 5.749766
0.125951 5.753230
0.127186 5.758977
0.128420 5.766973
0.129655 5.777168
0.130890 5.789499
0.132125 5.803897
0.133360 5.820280
0.134594 5.838562
0.135829 5.858650
0.137064 5.880447
0.138299 5.903856
0.139534 5.928776
0.140768 5.955108
0.142003 5.982754
0.143238 6.011616
0.144473 6.041601
0.145708 6.072617
0.146943 6.104576
0.148177 6.137392
0.149412 6.170985
0.150647 6.205275
0.151882 6.240188
0.153117 6.275653
0.154351 6.274482
0.155586 6.247257
0.156821 6.219546
0.158056 6.191379
0.159291 6.162784
0.160525 6.133788
0.161760 6.104417
0.162995 6.074695
0.164230 6.044648
0.165465 6.014299
0.166700 5.983671
0.167934 5.952787
0.169169 5.921668
0.170404 5.890335
0.171639 5.858811
0.172874 5.827114
0.174108 5.795267
0.175343 5.763289
0.176578 5.731199
0.177813 5.699018
0.179048 5.666763
0.180282 5.634455
0.181517 5.602112
0.182752 5.569753
0.183987 5.537395
0.185222 5.505058
0.186456 5.472758
0.187691 5.440513
0.188926 5.408342
0.190161 5.376260
0.191396 5.344284
0.192631 5.312432
0.193865 5.280720
0.195100 5.249162
0.196335 5.217776
0.197570 5.186577
0.198805 5.155578
0.200039 5.170554
0.201274 5.201066
0.202509 5.231598
0.203744 5.262139
0.204979 5.292678
0.206213 5.323206
0.207448 5.353712
0.208683 5.384187
0.209918 5.414620
0.211153 5.445004
0.212388 5.475329
0.213622 5.505587
0.214857 5.535769
0.216092 5.565867
0.217327 5.595873
0.218561 5.625781
0.219796 5.655582
0.221031 5.685270
0.222266 5.714837
0.223501 5.744278
0.224736 5.773585
0.225970 5.802754
0.227205 5.831777
0.228440 5.860650
0.229675 5.889366
0.230910 5.917921
0.232145 5.946310
0.233379 5.974527
0.234614 6.002568
0.235849 6.030429
0.237084 6.058106
0.238318 6.085594
0.239553 6.112890
0.240788 6.139989
0.242023 6.166888
0.243258 6.193585
0.244493 6.220074
0.245727 6.246355
0.246962 6.272423

0.246962 6.272423
0.248197 6.271629
0.249432 6.269252
0.250667 6.265302
0.251901 6.259799
0.253136 6.252767
0.254371 6.244240
0.255606 6.234253
0.256841 6.222848
0.258076 6.210073
0.259310 6.195974
0.260545 6.180605
0.261780 6.164016
0.263015 6.146263
0.264250 6.127397
0.265484 6.107473
0.266719 6.086542
0.267954 6.064656
0.269189 6.041864
0.270424 6.018214
0.271658 5.993753
0.272893 5.968524
0.274128 5.942569
0.275363 5.915929
0.276598 5.888642
0.277832 5.860745
0.279067 5.832271
0.280302 5.803254
0.281537 5.773725
0.282772 5.743714
0.284006 5.713250
0.285241 5.682359
0.286476 5.651068
0.287711 5.619403
0.288946 5.587386
0.290181 5.555043
0.291415 5.522395
0.292650 5.489465
0.293885 5.456275
0.295120 5.422846
0.296355 5.389199
0.297589 5.355356
0.298824 5.321336
0.300059 5.287162
0.301294 5.252852
0.302529 5.218429
0.303764 5.183913
0.304998 5.149325
0.306233 5.114687
0.307468 5.080020
0.308703 5.045346
0.309938 5.010687
0.311172 4.976066
0.312407 4.941506
0.313642 4.907031
0.314877 4.872663
0.316112 4.838429
0.317346 4.804352
0.318581 4.770459
0.319816 4.736774
0.321051 4.703326
0.322286 4.670139
0.323520 4.637243
0.324755 4.604665
0.325990 4.572434
0.327225 4.540579
0.328460 4.509128
0.329695 4.478113
0.330929 4.447563
0.332164 4.417510
0.333399 4.387983
0.334634 4.359016
0.335869 4.330638
0.337103 4.302881
0.338338 4.275779
0.339573 4.249362
0.340808 4.223662
0.342043 4.198711
0.343278 4.174541
0.344512 4.151183
0.345747 4.128667
0.346982 4.107025
0.348217 4.086287
0.349452 4.066481
0.350686 4.047636
0.351921 4.029780
0.353156 4.012939
0.354391 3.997139
0.355626 3.982405
0.356860 3.968759
0.358095 3.956223
0.359330 3.944817
0.360565 3.934561
0.361800 3.925470
0.363034 3.917559
0.364269 3.910843
0.365504 3.905332
0.366739 3.901037
0.367974 3.897963
0.369208 3.896116
0.370443 3.895501

0.370443 3.895501
0.372582 3.896145
0.374721 3.898076
0.376860 3.901293
0.378998 3.905793
0.381137 3.911572
0.383276 3.918625
0.385415 3.926946
0.387553 3.936524
0.389692 3.947351
0.391831 3.959413
0.393970 3.972696
0.396108 3.987181
0.398247 4.002848
0.400386 4.019674
0.402525 4.037632
0.404663 4.056690
0.406802 4.076817
0.408941 4.097973
0.411080 4.120119
0.413218 4.143210
0.415357 4.167197
0.417496 4.192030
0.419635 4.217655
0.421773 4.244013
0.423912 4.271046
0.426051 4.298690
0.428190 4.326882
0.430328 4.355556
0.432467 4.384645
0.434606 4.414081
0.436745 4.443799
0.438883 4.473729
0.441022 4.503805
0.443161 4.533963
0.445300 4.564139
0.447439 4.594271
0.449577 4.624302
0.451716 4.654174
0.453855 4.683837
0.455993 4.713242
0.458132 4.742344
0.460271 4.771103
0.462410 4.799485
0.464548 4.827456
0.466687 4.854993
0.468826 4.882073
0.470965 4.908681
0.473104 4.934804
0.475242 4.960435
0.477381 4.985573
0.479520 5.010219
0.481659 5.034379
0.483797 5.058063
0.485936 5.081285
0.488075 5.104060
0.490214 5.126407
0.492352 5.148348
0.494491 5.169905
0.496630 5.191102
0.498769 5.211962
0.500907 5.232512
0.503046 5.252774
0.505185 5.272772
0.507324 5.292528
0.509462 5.312061
0.511601 5.331389
0.513740 5.350527
0.515879 5.369485
0.518017 5.388272
0.520156 5.406891
0.522295 5.425343
0.524434 5.443624
0.526572 5.461725
0.528711 5.479633
0.530850 5.497332
0.532989 5.514800
0.535127 5.532011
0.537266 5.548937
0.539405 5.565545
0.541544 5.581798
0.543682 5.597658
0.545821 5.613083
0.547960 5.628029
0.550099 5.642452
0.552238 5.656305
0.554376 5.669541
0.556515 5.682114
0.558654 5.693976
0.560793 5.705083
0.562931 5.715391
0.565070 5.724857
0.567209 5.733441
0.569348 5.741108
0.571486 5.747824
0.573625 5.753559
0.575764 5.758287
0.577903 5.761988
0.580041 5.764643
0.582180 5.766241
0.584319 5.766775


0.000000 5.766775
0.001235 5.766663
0.002470 5.766330
0.003704 5.765778
0.004939 5.765014
0.006174 5.764045
0.007409 5.762881
0.008644 5.761535
0.009879 5.760022
0.011113 5.758357
0.012348 5.756559
0.013583 5.754649
0.014818 5.752648
0.016053 5.750582
0.017287 5.748474
0.018522 5.746354
0.019757 5.744248
0.020992 5.742187
0.022227 5.740201
0.023461 5.738323
0.024696 5.736585
0.025931 5.735021
0.027166 5.733664
0.028401 5.732548
0.029635 5.731709
0.030870 5.731179
0.032105 5.730994
0.033340 5.731187
0.034575 5.731791
0.035810 5.732838
0.037044 5.734360
0.038279 5.736387
0.039514 5.738949
0.040749 5.742072
0.041984 5.745782
0.043218 5.750104
0.044453 5.755058
0.045688 5.760666
0.046923 5.766944
0.048158 5.773909
0.049392 5.781571
0.050627 5.789942
0.051862 5.799029
0.053097 5.808835
0.054332 5.819364
0.055566 5.830614
0.056801 5.842580
0.058036 5.855255
0.059271 5.868630
0.060506 5.882693
0.061740 5.897426
0.062975 5.912812
0.064210 5.928829
0.065445 5.945454
0.066680 5.962661
0.067915 5.980419
0.069149 5.998698
0.070384 6.017465
0.071619 6.036684
0.072854 6.056316
0.074089 6.076324
0.075324 6.096665
0.076558 6.117298
0.077793 6.138178
0.079028 6.159260
0.080263 6.180499
0.081498 6.201847
0.082732 6.223256
0.083967 6.244680
0.085202 6.266068
0.086437 6.287373
0.087672 6.308545
0.088906 6.329536
0.090141 6.350299
0.091376 6.370784
0.092611 6.390945
0.093846 6.410734
0.095080 6.430107
0.096315 6.449017
0.097550 6.467422
0.098785 6.477730
0.100020 6.439974
0.101254 6.402396
0.102489 6.364994
0.103724 6.327764
0.104959 6.290702
0.106194 6.253801
0.107429 6.217054
0.108663 6.180454
0.109898 6.143992
0.111133 6.107658
0.112368 6.071441
0.113603 6.035330
0.114837 5.999312
0.116072 5.963375
0.117307 5.927504
0.118542 5.891684
0.119777 5.855901
0.121011 5.820139
0.122246 5.784381
0.123481 5.748609

0.123481 5.748609
0.124716 5.749766
0.125951 5.753230
0.127186 5.758977
0.128420 5.766973
0.129655 5.777168
0.130890 5.789499
0.132125 5.803897
0.133360 5.820280
0.134594 5.838562
0.135829 5.858650
0.137064 5.880447
0.138299 5.903856
0.139534 5.928776
0.140768 5.955108
0.142003 5.982754
0.143238 6.011616
0.144473 6.041601
0.145708 6.072617
0.146943 6.104576
0.148177 6.137392
0.149412 6.170985
0.150647 6.205275
0.151882 6.240188
0.153117 6.275653
0.154351 6.274482
0.155586 6.247257
0.156821 6.219546
0.158056 6.191379
0.159291 6.162784
0.160525 6.133788
0.161760 6.104417
0.162995 6.074695
0.164230 6.044648
0.165465 6.014299
0.166700 5.983671
0.167934 5.952787
0.169169 5.921668
0.170404 5.890335
0.171639 5.858811
0.172874 5.827114
0.174108 5.795267
0.175343 5.763289
0.176578 5.731199
0.177813 5.699018
0.179048 5.666763
0.180282 5.634455
0.181517 5.602112
0.182752 5.569753
0.183987 5.537395
0.185222 5.505058
0.186456 5.472758
0.187691 5.440513
0.188926 5.408342
0.190161 5.376260
0.191396 5.344284
0.192631 5.312432
0.193865 5.280720
0.195100 5.249162
0.196335 5.217776
0.197570 5.186577
0.198805 5.155578
0.200039 5.170554
0.201274 5.201066
0.202509 5.231598
0.203744 5.262139
0.204979 5.292678
0.206213 5.323206
0.207448 5.353712
0.208683 5.384187
0.209918 5.414620
0.211153 5.445004
0.212388 5.475329
0.213622 5.505587
0.214857 5.535769
0.216092 5.565867
0.217327 5.595873
0.218561 5.625781
0.219796 5.655582
0.221031 5.685270
0.222266 5.714837
0.223501 5.744278
0.224736 5.773585
0.225970 5.802754
0.227205 5.831777
0.228440 5.860650
0.229675 5.889366
0.230910 5.917921
0.232145 5.946310
0.233379 5.974527
0.234614 6.002568
0.235849 6.030429
0.237084 6.058106
0.238318 6.085594
0.239553 6.112890
0.240788 6.139989
0.242023 6.166888
0.243258 6.193585
0.244493 6.220074
0.245727 6.246355
0.246962 6.272423

0.246962 6.272423
0.248197 6.271629
0.249432 6.269252
0.250667 6.265302
0.251901 6.259799
0.253136 6.252767
0.254371 6.244240
0.255606 6.234253
0.256841 6.222848
0.258076 6.210073
0.259310 6.195974
0.260545 6.180605
0.261780 6.164016
0.263015 6.146263
0.264250 6.127397
0.265484 6.107473
0.266719 6.086542
0.267954 6.064656
0.269189 6.041864
0.270424 6.018214
0.271658 5.993753
0.272893 5.968524
0.274128 5.942569
0.275363 5.915929
0.276598 5.888642
0.277832 5.860745
0.279067 5.832271
0.280302 5.803254
0.281537 5.773725
0.282772 5.743714
0.284006 5.713250
0.285241 5.682359
0.286476 5.651068
0.287711 5.619403
0.288946 5.587386
0.290181 5.555043
0.291415 5.522395
0.292650 5.489465
0.293885 5.456275
0.295120 5.422846
0.296355 5.389199
0.297589 5.355356
0.298824 5.321336
0.300059 5.287162
0.301294 5.252852
0.302529 5.218429
0.303764 5.183913
0.304998 5.149325
0.306233 5.114687
0.307468 5.080020
0.308703 5.045346
0.309938 5.010687
0.311172 4.976066
0.312407 4.941506
0.313642 4.907031
0.314877 4.872663
0.316112 4.838429
0.317346 4.804352
0.318581 4.770459
0.319816 4.736774
0.321051 4.703326
0.322286 4.670139
0.323520 4.637243
0.324755 4.604665
0.325990 4.572434
0.327225 4.540579
0.328460 4.509128
0.329695 4.478113
0.330929 4.447563
0.332164 4.417510
0.333399 4.387983
0.334634 4.359016
0.335869 4.330638
0.337103 4.302881
0.338338 4.275779
0.339573 4.249362
0.340808 4.223662
0.342043 4.198711
0.343278 4.174541
0.344512 4.151183
0.345747 4.128667
0.346982 4.107025
0.348217 4.086287
0.349452 4.066481
0.350686 4.047636
0.351921 4.029780
0.353156 4.012939
0.354391 3.997139
0.355626 3.982405
0.356860 3.968759
0.358095 3.956223
0.359330 3.944817
0.360565 3.934561
0.361800 3.925470
0.363034 3.917559
0.364269 3.910843
0.365504 3.905332
0.366739 3.901037
0.367974 3.897963
0.369208 3.896116
0.370443 3.895501

0.370443 3.895501
0.372582 3.897936
0.374721 3.905226
0.376860 3.917314
0.378998 3.934111
0.381137 3.955494
0.383276 3.981310
0.385415 4.011378
0.387553 4.045492
0.389692 4.083424
0.391831 4.124931
0.393970 4.169757
0.396108 4.217632
0.398247 4.268284
0.400386 4.321436
0.402525 4.376808
0.404663 4.434126
0.406802 4.493117
0.408941 4.553514
0.411080 4.615060
0.413218 4.677504
0.415357 4.740606
0.417496 4.804136
0.419635 4.867876
0.421773 4.931617
0.423912 4.995165
0.426051 5.058336
0.428190 5.120957
0.430328 5.182867
0.432467 5.243918
0.434606 5.303971
0.436745 5.362900
0.438883 5.420586
0.441022 5.476923
0.443161 5.531812
0.445300 5.585165
0.447439 5.636899
0.449577 5.686941
0.451716 5.735224
0.453855 5.781686
0.455993 5.826272
0.458132 5.868931
0.460271 5.909614
0.462410 5.948279
0.464548 5.984884
0.466687 6.019389
0.468826 6.051756
0.470965 6.081949
0.473104 6.109934
0.475242 6.135676
0.477381 6.159143
0.479520 6.180306
0.481659 6.199138
0.483797 6.215617
0.485936 6.229727
0.488075 6.241458
0.490214 6.250811
0.492352 6.177990
0.494491 6.048052
0.496630 5.916636
0.498769 5.783801
0.500907 5.649604
0.503046 5.514110
0.505185 5.377381
0.507324 5.292528
0.509462 5.312061
0.511601 5.331389
0.513740 5.350527
0.515879 5.369485
0.518017 5.388272
0.520156 5.406891
0.522295 5.425343
0.524434 5.443624
0.526572 5.461725
0.528711 5.479633
0.530850 5.497332
0.532989 5.514800
0.535127 5.532011
0.537266 5.548937
0.539405 5.565545
0.541544 5.581798
0.543682 5.597658
0.545821 5.613083
0.547960 5.628029
0.550099 5.642452
0.552238 5.656305
0.554376 5.669541
0.556515 5.682114
0.558654 5.693976
0.560793 5.705083
0.562931 5.715391
0.565070 5.724857
0.567209 5.733441
0.569348 5.741108
0.571486 5.747824
0.573625 5.753559
0.575764 5.758287
0.577903 5.761988
0.580041 5.764643
0.582180 5.766241
0.584319 5.766775


0.000000 5.766775
0.001235 5.766663
0.002470 5.766330
0.003704 5.765778
0.004939 5.765014
0.006174 5.764045
0.007409 5.762881
0.008644 5.761535
0.009879 5.760022
0.011113 5.758357
0.012348 5.756559
0.013583 5.754649
0.014818 5.752648
0.016053 5.750582
0.017287 5.748474
0.018522 5.746354
0.019757 5.744248
0.020992 5.742187
0.022227 5.740201
0.023461 5.738323
0.024696 5.736585
0.025931 5.735021
0.027166 5.733664
0.028401 5.732548
0.029635 5.731709
0.030870 5.731179
0.032105 5.730994
0.033340 5.731187
0.034575 5.731791
0.035810 5.732838
0.037044 5.734360
0.038279 5.736387
0.039514 5.738949
0.040749 5.742072
0.041984 5.745782
0.043218 5.750104
0.044453 5.755058
0.045688 5.760666
0.046923 5.766944
0.048158 5.773909
0.049392 5.781571
0.050627 5.789942
0.051862 5.799029
0.053097 5.808835
0.054332 5.819364
0.055566 5.830614
0.056801 5.842580
0.058036 5.855255
0.059271 5.868630
0.060506 5.882693
0.061740 5.897426
0.062975 5.912812
0.064210 5.928829
0.065445 5.945454
0.066680 5.962661
0.067915 5.980419
0.069149 5.998698
0.070384 6.017465
0.071619 6.036684
0.072854 6.056316
0.074089 6.076324
0.075324 6.096665
0.076558 6.117298
0.077793 6.138178
0.079028 6.159260
0.080263 6.180499
0.081498 6.201847
0.082732 6.223256
0.083967 6.244680
0.085202 6.266068
0.086437 6.287373
0.087672 6.308545
0.088906 6.329536
0.090141 6.350299
0.091376 6.370784
0.092611 6.390945
0.093846 6.410734
0.095080 6.430107
0.096315 6.449017
0.097550 6.467422
0.098785 6.485278
0.100020 6.502544
0.101254 6.519180
0.102489 6.535148
0.103724 6.550411
0.104959 6.564933
0.106194 6.578681
0.107429 6.591622
0.108663 6.603729
0.109898 6.614972
0.111133 6.625325
0.112368 6.634765
0.113603 6.643271
0.114837 6.650822
0.116072 6.657402
0.117307 6.662995
0.118542 6.667588
0.119777 6.671172
0.121011 6.673738
0.122246 6.675280
0.123481 6.675794

0.123481 6.675794
0.124716 6.674991
0.125951 6.672589
0.127186 6.668601
0.128420 6.663054
0.129655 6.655980
0.130890 6.647421
0.132125 6.637425
0.133360 6.626042
0.134594 6.613331
0.135829 6.599348
0.137064 6.584152
0.138299 6.567803
0.139534 6.550361
0.140768 6.531881
0.142003 6.512420
0.143238 6.492032
0.144473 6.470767
0.145708 6.448675
0.146943 6.425803
0.148177 6.402193
0.149412 6.377889
0.150647 6.352929
0.151882 6.327351
0.153117 6.301190
0.154351 6.311603
0.155586 6.347971
0.156821 6.384698
0.158056 6.421724
0.159291 6.458994
0.160525 6.496455
0.161760 6.534057
0.162995 6.571751
0.164230 6.609493
0.165465 6.647239
0.166700 6.684948
0.167934 6.722581
0.169169 6.760101
0.170404 6.797473
0.171639 6.834662
0.172874 6.871637
0.174108 6.908368
0.175343 6.944826
0.176578 6.980984
0.177813 7.016815
0.179048 7.052296
0.180282 7.087402
0.181517 7.122112
0.182752 7.156406
0.183987 7.190264
0.185222 7.223666
0.186456 7.255882
0.187691 7.241899
0.188926 7.227655
0.190161 7.213150
0.191396 7.198385
0.192631 7.183360
0.193865 7.168075
0.195100 7.152532
0.196335 7.136729
0.197570 7.120668
0.198805 7.104349
0.200039 7.087772
0.201274 7.070938
0.202509 7.053846
0.203744 7.036498
0.204979 7.018894
0.206213 7.001034
0.207448 6.982918
0.208683 6.964547
0.209918 6.945921
0.211153 6.927041
0.212388 6.907908
0.213622 6.888521
0.214857 6.868881
0.216092 6.848989
0.217327 6.828846
0.218561 6.808452
0.219796 6.787808
0.221031 6.766914
0.222266 6.745771
0.223501 6.724380
0.224736 6.702743
0.225970 6.680859
0.227205 6.658730
0.228440 6.636357
0.229675 6.613741
0.230910 6.590883
0.232145 6.567784
0.233379 6.544446
0.234614 6.520871
0.235849 6.497059
0.237084 6.473013
0.238318 6.448734
0.239553 6.424223
0.240788 6.399484
0.242023 6.374517
0.243258 6.349325
0.244493 6.323911
0.245727 6.298276
0.246962 6.272423

0.246962 6.272423
0.248197 6.271629
0.249432 6.269252
0.250667 6.265302
0.251901 6.259799
0.253136 6.252767
0.254371 6.244240
0.255606 6.234253
0.256841 6.222848
0.258076 6.210073
0.259310 6.195974
0.260545 6.180605
0.261780 6.164016
0.263015 6.146263
0.264250 6.127397
0.265484 6.107473
0.266719 6.086542
0.267954 6.064656
0.269189 6.041864
0.270424 6.018214
0.271658 5.993753
0.272893 5.968524
0.274128 5.942569
0.275363 5.915929
0.276598 5.888642
0.277832 5.860745
0.279067 5.832271
0.280302 5.803254
0.281537 5.773725
0.282772 5.743714
0.284006 5.713250
0.285241 5.682359
0.286476 5.651068
0.287711 5.619403
0.288946 5.587386
0.290181 5.555043
0.291415 5.522395
0.292650 5.489465
0.293885 5.456275
0.295120 5.422846
0.296355 5.389199
0.297589 5.355356
0.298824 5.321336
0.300059 5.287162
0.301294 5.252852
0.302529 5.218429
0.303764 5.183913
0.304998 5.149325
0.306233 5.114687
0.307468 5.080020
0.308703 5.045346
0.309938 5.010687
0.311172 4.976066
0.312407 4.941506
0.313642 4.907031
0.314877 4.872663
0.316112 4.838429
0.317346 4.804352
0.318581 4.770459
0.319816 4.736774
0.321051 4.703326
0.322286 4.670139
0.323520 4.637243
0.324755 4.604665
0.325990 4.572434
0.327225 4.540579
0.328460 4.509128
0.329695 4.478113
0.330929 4.447563
0.332164 4.417510
0.333399 4.387983
0.334634 4.359016
0.335869 4.330638
0.337103 4.302881
0.338338 4.275779
0.339573 4.249362
0.340808 4.223662
0.342043 4.198711
0.343278 4.174541
0.344512 4.151183
0.345747 4.128667
0.346982 4.107025
0.348217 4.086287
0.349452 4.066481
0.350686 4.047636
0.351921 4.029780
0.353156 4.012939
0.354391 3.997139
0.355626 3.982405
0.356860 3.968759
0.358095 3.956223
0.359330 3.944817
0.360565 3.934561
0.361800 3.925470
0.363034 3.917559
0.364269 3.910843
0.365504 3.905332
0.366739 3.901037
0.367974 3.897963
0.369208 3.896116
0.370443 3.895501

0.370443 3.895501
0.372582 3.897936
0.374721 3.905226
0.376860 3.917314
0.378998 3.934111
0.381137 3.955494
0.383276 3.981310
0.385415 4.011378
0.387553 4.045492
0.389692 4.083424
0.391831 4.124931
0.393970 4.169757
0.396108 4.217632
0.398247 4.268284
0.400386 4.321436
0.402525 4.376808
0.404663 4.434126
0.406802 4.493117
0.408941 4.553514
0.411080 4.615060
0.413218 4.677504
0.415357 4.740606
0.417496 4.804136
0.419635 4.867876
0.421773 4.931617
0.423912 4.995165
0.426051 5.058336
0.428190 5.120957
0.430328 5.182867
0.432467 5.243918
0.434606 5.303971
0.436745 5.362900
0.438883 5.420586
0.441022 5.476923
0.443161 5.531812
0.445300 5.585165
0.447439 5.636899
0.449577 5.686941
0.451716 5.735224
0.453855 5.781686
0.455993 5.826272
0.458132 5.868931
0.460271 5.909614
0.462410 5.948279
0.464548 5.984884
0.466687 6.019389
0.468826 6.051756
0.470965 6.081949
0.473104 6.109934
0.475242 6.135676
0.477381 6.159143
0.479520 6.180306
0.481659 6.199138
0.483797 6.215617
0.485936 6.229727
0.488075 6.241458
0.490214 6.250811
0.492352 6.257796
0.494491 6.262436
0.496630 6.264770
0.498769 6.264848
0.500907 6.262739
0.503046 6.258526
0.505185 6.252309
0.507324 6.244200
0.509462 6.234325
0.511601 6.222821
0.513740 6.209834
0.515879 6.195515
0.518017 6.180021
0.520156 6.163509
0.522295 6.146137
0.524434 6.128060
0.526572 6.109431
0.528711 6.090395
0.530850 6.071095
0.532989 6.051662
0.535127 6.032225
0.537266 6.012901
0.539405 5.993801
0.541544 5.975029
0.543682 5.956679
0.545821 5.938839
0.547960 5.921588
0.550099 5.905000
0.552238 5.889140
0.554376 5.874067
0.556515 5.859835
0.558654 5.846492
0.560793 5.834080
0.562931 5.822635
0.565070 5.812192
0.567209 5.802778
0.569348 5.794419
0.571486 5.787134
0.573625 5.780942
0.575764 5.775856
0.577903 5.771890
0.580041 5.769050
0.582180 5.767344
0.584319 5.766775


0.000000 5.766775
0.001235 5.767108
0.002470 5.768107
0.003704 5.769771
0.004939 5.772099
0.006174 5.775089
0.007409 5.778736
0.008644 5.783039
0.009879 5.787993
0.011113 5.793592
0.012348 5.799833
0.013583 5.806709
0.014818 5.814213
0.016053 5.822339
0.017287 5.831079
0.018522 5.840425
0.019757 5.850369
0.020992 5.860901
0.022227 5.872013
0.023461 5.883693
0.024696 5.895933
0.025931 5.908720
0.027166 5.922045
0.028401 5.935895
0.029635 5.950258
0.030870 5.965124
0.032105 5.980479
0.033340 5.996310
0.034575 6.012606
0.035810 6.029351
0.037044 6.046535
0.038279 6.064142
0.039514 6.082160
0.040749 6.100574
0.041984 6.119371
0.043218 6.138538
0.044453 6.158059
0.045688 6.177921
0.046923 6.198110
0.048158 6.218612
0.049392 6.239413
0.050627 6.260500
0.051862 6.281857
0.053097 6.303472
0.054332 6.325331
0.055566 6.347420
0.056801 6.369725
0.058036 6.392233
0.059271 6.414932
0.060506 6.437808
0.061740 6.460848
0.062975 6.484040
0.064210 6.507371
0.065445 6.530828
0.066680 6.554401
0.067915 6.578077
0.069149 6.601844
0.070384 6.625692
0.071619 6.649610
0.072854 6.673585
0.074089 6.697609
0.075324 6.721671
0.076558 6.745761
0.077793 6.769869
0.079028 6.793986
0.080263 6.818103
0.081498 6.842211
0.082732 6.866301
0.083967 6.890367
0.085202 6.904546
0.086437 6.864954
0.087672 6.825499
0.088906 6.786190
0.090141 6.747035
0.091376 6.708041
0.092611 6.669215
0.093846 6.630562
0.095080 6.592084
0.096315 6.553786
0.097550 6.515667
0.098785 6.485278
0.100020 6.502544
0.101254 6.519180
0.102489 6.535148
0.103724 6.550411
0.104959 6.564933
0.106194 6.578681
0.107429 6.591622
0.108663 6.603729
0.109898 6.614972
0.111133 6.625325
0.112368 6.634765
0.113603 6.643271
0.114837 6.650822
0.116072 6.657402
0.117307 6.662995
0.118542 6.667588
0.119777 6.671172
0.121011 6.673738
0.122246 6.675280
0.123481 6.675794

0.123481 6.675794
0.124716 6.674991
0.125951 6.672589
0.127186 6.668601
0.128420 6.663054
0.129655 6.655980
0.130890 6.647421
0.132125 6.637425
0.133360 6.626042
0.134594 6.613331
0.135829 6.599348
0.137064 6.584152
0.138299 6.567803
0.139534 6.550361
0.140768 6.531881
0.142003 6.512420
0.143238 6.492032
0.144473 6.470767
0.145708 6.448675
0.146943 6.425803
0.148177 6.402193
0.149412 6.377889
0.150647 6.352929
0.151882 6.327351
0.153117 6.301190
0.154351 6.311603
0.155586 6.347971
0.156821 6.384698
0.158056 6.421724
0.159291 6.458994
0.160525 6.496455
0.161760 6.534057
0.162995 6.571751
0.164230 6.609493
0.165465 6.647239
0.166700 6.684948
0.167934 6.722581
0.169169 6.760101
0.170404 6.797473
0.171639 6.834662
0.172874 6.871637
0.174108 6.908368
0.175343 6.944826
0.176578 6.980984
0.177813 7.016815
0.179048 7.052296
0.180282 7.087402
0.181517 7.122112
0.182752 7.156406
0.183987 7.190264
0.185222 7.223666
0.186456 7.255882
0.187691 7.241899
0.188926 7.227655
0.190161 7.213150
0.191396 7.198385
0.192631 7.183360
0.193865 7.168075
0.195100 7.152532
0.196335 7.136729
0.197570 7.120668
0.198805 7.104349
0.200039 7.087772
0.201274 7.070938
0.202509 7.053846
0.203744 7.036498
0.204979 7.018894
0.206213 7.001034
0.207448 6.982918
0.208683 6.964547
0.209918 6.945921
0.211153 6.927041
0.212388 6.907908
0.213622 6.888521
0.214857 6.868881
0.216092 6.848989
0.217327 6.828846
0.218561 6.808452
0.219796 6.787808
0.221031 6.766914
0.222266 6.745771
0.223501 6.724380
0.224736 6.702743
0.225970 6.680859
0.227205 6.658730
0.228440 6.636357
0.229675 6.613741
0.230910 6.590883
0.232145 6.567784
0.233379 6.544446
0.234614 6.520871
0.235849 6.497059
0.237084 6.473013
0.238318 6.448734
0.239553 6.424223
0.240788 6.399484
0.242023 6.374517
0.243258 6.349325
0.244493 6.323911
0.245727 6.298276
0.246962 6.272423

0.246962 6.272423
0.248197 6.271629
0.249432 6.269252
0.250667 6.265302
0.251901 6.259799
0.253136 6.252767
0.254371 6.244240
0.255606 6.234253
0.256841 6.222848
0.258076 6.210073
0.259310 6.195974
0.260545 6.180605
0.261780 6.164016
0.263015 6.146263
0.264250 6.127397
0.265484 6.107473
0.266719 6.086542
0.267954 6.064656
0.269189 6.041864
0.270424 6.018214
0.271658 5.993753
0.272893 5.968524
0.274128 5.942569
0.275363 5.915929
0.276598 5.888642
0.277832 5.860745
0.279067 5.832271
0.280302 5.803254
0.281537 5.773725
0.282772 5.743714
0.284006 5.713250
0.285241 5.682359
0.286476 5.651068
0.287711 5.619403
0.288946 5.587386
0.290181 5.555043
0.291415 5.522395
0.292650 5.489465
0.293885 5.456275
0.295120 5.422846
0.296355 5.389199
0.297589 5.355356
0.298824 5.321336
0.300059 5.287162
0.301294 5.252852
0.302529 5.218429
0.303764 5.183913
0.304998 5.149325
0.306233 5.114687
0.307468 5.080020
0.308703 5.045346
0.309938 5.010687
0.311172 4.976066
0.312407 4.941506
0.313642 4.907031
0.314877 4.872663
0.316112 4.838429
0.317346 4.804352
0.318581 4.770459
0.319816 4.736774
0.321051 4.703326
0.322286 4.670139
0.323520 4.637243
0.324755 4.604665
0.325990 4.572434
0.327225 4.540579
0.328460 4.509128
0.329695 4.478113
0.330929 4.447563
0.332164 4.417510
0.333399 4.387983
0.334634 4.359016
0.335869 4.330638
0.337103 4.302881
0.338338 4.275779
0.339573 4.249362
0.340808 4.223662
0.342043 4.198711
0.343278 4.174541
0.344512 4.151183
0.345747 4.128667
0.346982 4.107025
0.348217 4.086287
0.349452 4.066481
0.350686 4.047636
0.351921 4.029780
0.353156 4.012939
0.354391 3.997139
0.355626 3.982405
0.356860 3.968759
0.358095 3.956223
0.359330 3.944817
0.360565 3.934561
0.361800 3.925470
0.363034 3.917559
0.364269 3.910843
0.365504 3.905332
0.366739 3.901037
0.367974 3.897963
0.369208 3.896116
0.370443 3.895501

0.370443 3.895501
0.372582 3.897936
0.374721 3.905226
0.376860 3.917314
0.378998 3.934111
0.381137 3.955494
0.383276 3.981310
0.385415 4.011378
0.387553 4.045492
0.389692 4.083424
0.391831 4.124931
0.393970 4.169757
0.396108 4.217632
0.398247 4.268284
0.400386 4.321436
0.402525 4.376808
0.404663 4.434126
0.406802 4.493117
0.408941 4.553514
0.411080 4.615060
0.413218 4.677504
0.415357 4.740606
0.417496 4.804136
0.419635 4.867876
0.421773 4.931617
0.423912 4.995165
0.426051 5.058336
0.428190 5.120957
0.430328 5.182867
0.432467 5.243918
0.434606 5.303971
0.436745 5.362900
0.438883 5.420586
0.441022 5.476923
0.443161 5.531812
0.445300 5.585165
0.447439 5.636899
0.449577 5.686941
0.451716 5.735224
0.453855 5.781686
0.455993 5.826272
0.458132 5.868931
0.460271 5.909614
0.462410 5.948279
0.464548 5.984884
0.466687 6.019389
0.468826 6.051756
0.470965 6.081949
0.473104 6.109934
0.475242 6.135676
0.477381 6.159143
0.479520 6.180306
0.481659 6.199138
0.483797 6.215617
0.485936 6.229727
0.488075 6.241458
0.490214 6.250811
0.492352 6.257796
0.494491 6.262436
0.496630 6.264770
0.498769 6.264848
0.500907 6.262739
0.503046 6.258526
0.505185 6.252309
0.507324 6.244200
0.509462 6.234325
0.511601 6.222821
0.513740 6.209834
0.515879 6.195515
0.518017 6.180021
0.520156 6.163509
0.522295 6.146137
0.524434 6.128060
0.526572 6.109431
0.528711 6.090395
0.530850 6.071095
0.532989 6.051662
0.535127 6.032225
0.537266 6.012901
0.539405 5.993801
0.541544 5.975029
0.543682 5.956679
0.545821 5.938839
0.547960 5.921588
0.550099 5.905000
0.552238 5.889140
0.554376 5.874067
0.556515 5.859835
0.558654 5.846492
0.560793 5.834080
0.562931 5.822635
0.565070 5.812192
0.567209 5.802778
0.569348 5.794419
0.571486 5.787134
0.573625 5.780942
0.575764 5.775856
0.577903 5.771890
0.580041 5.769050
0.582180 5.767344
0.584319 5.766775


0.000000 5.766775
0.001235 5.767108
0.002470 5.768107
0.003704 5.769771
0.004939 5.772099
0.006174 5.775089
0.007409 5.778736
0.008644 5.783039
0.009879 5.787993
0.011113 5.793592
0.012348 5.799833
0.013583 5.806709
0.014818 5.814213
0.016053 5.822339
0.017287 5.831079
0.018522 5.840425
0.019757 5.850369
0.020992 5.860901
0.022227 5.872013
0.023461 5.883693
0.024696 5.895933
0.025931 5.908720
0.027166 5.922045
0.028401 5.935895
0.029635 5.950258
0.030870 5.965124
0.032105 5.980479
0.033340 5.996310
0.034575 6.012606
0.035810 6.029351
0.037044 6.046535
0.038279 6.064142
0.039514 6.082160
0.040749 6.100574
0.041984 6.119371
0.043218 6.138538
0.044453 6.158059
0.045688 6.177921
0.046923 6.198110
0.048158 6.218612
0.049392 6.239413
0.050627 6.260500
0.051862 6.281857
0.053097 6.303472
0.054332 6.325331
0.055566 6.347420
0.056801 6.369725
0.058036 6.392233
0.059271 6.414932
0.060506 6.437808
0.061740 6.460848
0.062975 6.484040
0.064210 6.507371
0.065445 6.530828
0.066680 6.554401
0.067915 6.578077
0.069149 6.601844
0.070384 6.625692
0.071619 6.649610
0.072854 6.673585
0.074089 6.697609
0.075324 6.721671
0.076558 6.745761
0.077793 6.769869
0.079028 6.793986
0.080263 6.818103
0.081498 6.842211
0.082732 6.866301
0.083967 6.890367
0.085202 6.914398
0.086437 6.938389
0.087672 6.962332
0.088906 6.986219
0.090141 7.010045
0.091376 7.033802
0.092611 7.057486
0.093846 7.081089
0.095080 7.104606
0.096315 7.128033
0.097550 7.151365
0.098785 7.174596
0.100020 7.197722
0.101254 7.220740
0.102489 7.243646
0.103724 7.266435
0.104959 7.289105
0.106194 7.311653
0.107429 7.334076
0.108663 7.356371
0.109898 7.378536
0.111133 7.400569
0.112368 7.422468
0.113603 7.444231
0.114837 7.465857
0.116072 7.487345
0.117307 7.508694
0.118542 7.529902
0.119777 7.550968
0.121011 7.571893
0.122246 7.592676
0.123481 7.613316

0.123481 7.613316
0.124716 7.613177
0.125951 7.612759
0.127186 7.612062
0.128420 7.611086
0.129655 7.609831
0.130890 7.608298
0.132125 7.606486
0.133360 7.604396
0.134594 7.602028
0.135829 7.599382
0.137064 7.596458
0.138299 7.593257
0.139534 7.589779
0.140768 7.586023
0.142003 7.581991
0.143238 7.577682
0.144473 7.573098
0.145708 7.568237
0.146943 7.563101
0.148177 7.557690
0.149412 7.552005
0.150647 7.546045
0.151882 7.539812
0.153117 7.533304
0.154351 7.526524
0.155586 7.519472
0.156821 7.512147
0.158056 7.504550
0.159291 7.496683
0.160525 7.488544
0.161760 7.480135
0.162995 7.471457
0.164230 7.462508
0.165465 7.453291
0.166700 7.443805
0.167934 7.434052
0.169169 7.424030
0.170404 7.413742
0.171639 7.403187
0.172874 7.392366
0.174108 7.381278
0.175343 7.369926
0.176578 7.358309
0.177813 7.346427
0.179048 7.334281
0.180282 7.321871
0.181517 7.309198
0.182752 7.296263
0.183987 7.283064
0.185222 7.269604
0.186456 7.256597
0.187691 7.289039
0.188926 7.320977
0.190161 7.352398
0.191396 7.383287
0.192631 7.413634
0.193865 7.443425
0.195100 7.472652
0.196335 7.501304
0.197570 7.529372
0.198805 7.556850
0.200039 7.583729
0.201274 7.610003
0.202509 7.635668
0.203744 7.660718
0.204979 7.685149
0.206213 7.708959
0.207448 7.732144
0.208683 7.754703
0.209918 7.776634
0.211153 7.797938
0.212388 7.818613
0.213622 7.838661
0.214857 7.858083
0.216092 7.876881
0.217327 7.895057
0.218561 7.912613
0.219796 7.929555
0.221031 7.945884
0.222266 7.961607
0.223501 7.976727
0.224736 7.991250
0.225970 8.005181
0.227205 8.018527
0.228440 8.031295
0.229675 8.043490
0.230910 8.055120
0.232145 8.066193
0.233379 8.076716
0.234614 8.086697
0.235849 8.096146
0.237084 8.105069
0.238318 8.113477
0.239553 8.121377
0.240788 8.128780
0.242023 8.135694
0.243258 8.142129
0.244493 8.148095
0.245727 8.153601
0.246962 8.158657

0.246962 8.158657
0.248197 8.159456
0.249432 8.161851
0.250667 8.165830
0.251901 8.171371
0.253136 8.178450
0.254371 8.187032
0.255606 8.197078
0.256841 8.208542
0.258076 8.221378
0.259310 8.235531
0.260545 8.250948
0.261780 8.267572
0.263015 8.285345
0.264250 8.304208
0.265484 8.324105
0.266719 8.344976
0.267954 8.366766
0.269189 8.389419
0.270424 8.412882
0.271658 8.437102
0.272893 8.462028
0.274128 8.487613
0.275363 8.513808
0.276598 8.540570
0.277832 8.567854
0.279067 8.595620
0.280302 8.623828
0.281537 8.652439
0.282772 8.681416
0.284006 8.710725
0.285241 8.740330
0.286476 8.770201
0.287711 8.800303
0.288946 8.830608
0.290181 8.861085
0.291415 8.891706
0.292650 8.922443
0.293885 8.953268
0.295120 8.984155
0.296355 9.015079
0.297589 9.046014
0.298824 9.076935
0.300059 9.107819
0.301294 9.138642
0.302529 9.169380
0.303764 9.200011
0.304998 9.230513
0.306233 9.260863
0.307468 9.291039
0.308703 9.321021
0.309938 9.350788
0.311172 9.380317
0.312407 9.409591
0.313642 9.438587
0.314877 9.467286
0.316112 9.495670
0.317346 9.523717
0.318581 9.551411
0.319816 9.578731
0.321051 9.605660
0.322286 9.632179
0.323520 9.658270
0.324755 9.683917
0.325990 9.709102
0.327225 9.733808
0.328460 9.758018
0.329695 9.781717
0.330929 9.804889
0.332164 9.827517
0.333399 9.849587
0.334634 9.871085
0.335869 9.891995
0.337103 9.912303
0.338338 9.931997
0.339573 9.951062
0.340808 9.969486
0.342043 9.987257
0.343278 10.004362
0.344512 10.020791
0.345747 10.036531
0.346982 10.051573
0.348217 10.065906
0.349452 10.079520
0.350686 10.092406
0.351921 10.104556
0.353156 10.115962
0.354391 10.126614
0.355626 10.136507
0.356860 10.145634
0.358095 10.153988
0.359330 10.161563
0.360565 10.168355
0.361800 10.174359
0.363034 10.179571
0.364269 10.183987
0.365504 10.187604
0.366739 10.190420
0.367974 10.192433
0.369208 10.193641
0.370443 10.194044

0.370443 10.194044
0.372582 10.192630
0.374721 10.188391
0.376860 10.181331
0.378998 10.171456
0.381137 10.158775
0.383276 10.143300
0.385415 10.125046
0.387553 10.104028
0.389692 10.080266
0.391831 10.053780
0.393970 10.024592
0.396108 9.992726
0.398247 9.958207
0.400386 9.921061
0.402525 9.881316
0.404663 9.839000
0.406802 9.794140
0.408941 9.746766
0.411080 9.696907
0.413218 9.644590
0.415357 9.589844
0.417496 9.532697
0.419635 9.473176
0.421773 9.411306
0.423912 9.347114
0.426051 9.280622
0.428190 9.211854
0.430328 9.140833
0.432467 9.067578
0.434606 8.992108
0.436745 8.914444
0.438883 8.834601
0.441022 8.752595
0.443161 8.668443
0.445300 8.582159
0.447439 8.493757
0.449577 8.403250
0.451716 8.310653
0.453855 8.215978
0.455993 8.119239
0.458132 8.020450
0.460271 7.919627
0.462410 7.816784
0.464548 7.711940
0.466687 7.605112
0.468826 7.496320
0.470965 7.385587
0.473104 7.272936
0.475242 7.158394
0.477381 7.041989
0.479520 6.923753
0.481659 6.803719
0.483797 6.681926
0.485936 6.558412
0.488075 6.433220
0.490214 6.306397
0.492352 6.257796
0.494491 6.262436
0.496630 6.264770
0.498769 6.264848
0.500907 6.262739
0.503046 6.258526
0.505185 6.252309
0.507324 6.244200
0.509462 6.234325
0.511601 6.222821
0.513740 6.209834
0.515879 6.195515
0.518017 6.180021
0.520156 6.163509
0.522295 6.146137
0.524434 6.128060
0.526572 6.109431
0.528711 6.090395
0.530850 6.071095
0.532989 6.051662
0.535127 6.032225
0.537266 6.012901
0.539405 5.993801
0.541544 5.975029
0.543682 5.956679
0.545821 5.938839
0.547960 5.921588
0.550099 5.905000
0.552238 5.889140
0.554376 5.874067
0.556515 5.859835
0.558654 5.846492
0.560793 5.834080
0.562931 5.822635
0.565070 5.812192
0.567209 5.802778
0.569348 5.794419
0.571486 5.787134
0.573625 5.780942
0.575764 5.775856
0.577903 5.771890
0.580041 5.769050
0.582180 5.767344
0.584319 5.766775


0.000000 8.836705
0.001235 8.836148
0.002470 8.834478
0.003704 8.831696
0.004939 8.827805
0.006174 8.822807
0.007409 8.816708
0.008644 8.809511
0.009879 8.801223
0.011113 8.791852
0.012348 8.781404
0.013583 8.769888
0.014818 8.757314
0.016053 8.743693
0.017287 8.729036
0.018522 8.713354
0.019757 8.696661
0.020992 8.678971
0.022227 8.660298
0.023461 8.640657
0.024696 8.620064
0.025931 8.598537
0.027166 8.576093
0.028401 8.552750
0.029635 8.528527
0.030870 8.503444
0.032105 8.477520
0.033340 8.450776
0.034575 8.423235
0.035810 8.394917
0.037044 8.365844
0.038279 8.336041
0.039514 8.305530
0.040749 8.274334
0.041984 8.242478
0.043218 8.209986
0.044453 8.176884
0.045688 8.143195
0.046923 8.108946
0.048158 8.074161
0.049392 8.038866
0.050627 8.003087
0.051862 7.966850
0.053097 7.930181
0.054332 7.893105
0.055566 7.855648
0.056801 7.817836
0.058036 7.779695
0.059271 7.741249
0.060506 7.702525
0.061740 7.663546
0.062975 7.624338
0.064210 7.584926
0.065445 7.545332
0.066680 7.505580
0.067915 7.465694
0.069149 7.425695
0.070384 7.385606
0.071619 7.345449
0.072854 7.305243
0.074089 7.265008
0.075324 7.224765
0.076558 7.184531
0.077793 7.144325
0.079028 7.104163
0.080263 7.064061
0.081498 7.024035
0.082732 6.984098
0.083967 6.944264
0.085202 6.914398
0.086437 6.938389
0.087672 6.962332
0.088906 6.986219
0.090141 7.010045
0.091376 7.033802
0.092611 7.057486
0.093846 7.081089
0.095080 7.104606
0.096315 7.128033
0.097550 7.151365
0.098785 7.174596
0.100020 7.197722
0.101254 7.220740
0.102489 7.243646
0.103724 7.266435
0.104959 7.289105
0.106194 7.311653
0.107429 7.334076
0.108663 7.356371
0.109898 7.378536
0.111133 7.400569
0.112368 7.422468
0.113603 7.444231
0.114837 7.465857
0.116072 7.487345
0.117307 7.508694
0.118542 7.529902
0.119777 7.550968
0.121011 7.571893
0.122246 7.592676
0.123481 7.613316

0.123481 7.613316
0.124716 7.613177
0.125951 7.612759
0.127186 7.612062
0.128420 7.611086
0.129655 7.609831
0.130890 7.608298
0.132125 7.606486
0.133360 7.604396
0.134594 7.602028
0.135829 7.599382
0.137064 7.596458
0.138299 7.593257
0.139534 7.589779
0.140768 7.586023
0.142003 7.581991
0.143238 7.577682
0.144473 7.573098
0.145708 7.568237
0.146943 7.563101
0.148177 7.557690
0.149412 7.552005
0.150647 7.546045
0.151882 7.539812
0.153117 7.533304
0.154351 7.526524
0.155586 7.519472
0.156821 7.512147
0.158056 7.504550
0.159291 7.496683
0.160525 7.488544
0.161760 7.480135
0.162995 7.471457
0.164230 7.462508
0.165465 7.453291
0.166700 7.443805
0.167934 7.434052
0.169169 7.424030
0.170404 7.413742
0.171639 7.403187
0.172874 7.392366
0.174108 7.381278
0.175343 7.369926
0.176578 7.358309
0.177813 7.346427
0.179048 7.334281
0.180282 7.321871
0.181517 7.309198
0.182752 7.296263
0.183987 7.283064
0.185222 7.269604
0.186456 7.256597
0.187691 7.289039
0.188926 7.320977
0.190161 7.352398
0.191396 7.383287
0.192631 7.413634
0.193865 7.443425
0.195100 7.472652
0.196335 7.501304
0.197570 7.529372
0.198805 7.556850
0.200039 7.583729
0.201274 7.610003
0.202509 7.635668
0.203744 7.660718
0.204979 7.685149
0.206213 7.708959
0.207448 7.732144
0.208683 7.754703
0.209918 7.776634
0.211153 7.797938
0.212388 7.818613
0.213622 7.838661
0.214857 7.858083
0.216092 7.876881
0.217327 7.895057
0.218561 7.912613
0.219796 7.929555
0.221031 7.945884
0.222266 7.961607
0.223501 7.976727
0.224736 7.991250
0.225970 8.005181
0.227205 8.018527
0.228440 8.031295
0.229675 8.043490
0.230910 8.055120
0.232145 8.066193
0.233379 8.076716
0.234614 8.086697
0.235849 8.096146
0.237084 8.105069
0.238318 8.113477
0.239553 8.121377
0.240788 8.128780
0.242023 8.135694
0.243258 8.142129
0.244493 8.148095
0.245727 8.153601
0.246962 8.158657

0.246962 8.158657
0.248197 8.159456
0.249432 8.161851
0.250667 8.165830
0.251901 8.171371
0.253136 8.178450
0.254371 8.187032
0.255606 8.197078
0.256841 8.208542
0.258076 8.221378
0.259310 8.235531
0.260545 8.250948
0.261780 8.267572
0.263015 8.285345
0.264250 8.304208
0.265484 8.324105
0.266719 8.344976
0.267954 8.366766
0.269189 8.389419
0.270424 8.412882
0.271658 8.437102
0.272893 8.462028
0.274128 8.487613
0.275363 8.513808
0.276598 8.540570
0.277832 8.567854
0.279067 8.595620
0.280302 8.623828
0.281537 8.652439
0.282772 8.681416
0.284006 8.710725
0.285241 8.740330
0.286476 8.770201
0.287711 8.800303
0.288946 8.830608
0.290181 8.861085
0.291415 8.891706
0.292650 8.922443
0.293885 8.953268
0.295120 8.984155
0.296355 9.015079
0.297589 9.046014
0.298824 9.076935
0.300059 9.107819
0.301294 9.138642
0.302529 9.169380
0.303764 9.200011
0.304998 9.230513
0.306233 9.260863
0.307468 9.291039
0.308703 9.321021
0.309938 9.350788
0.311172 9.380317
0.312407 9.409591
0.313642 9.438587
0.314877 9.467286
0.316112 9.495670
0.317346 9.523717
0.318581 9.551411
0.319816 9.578731
0.321051 9.605660
0.322286 9.632179
0.323520 9.658270
0.324755 9.683917
0.325990 9.709102
0.327225 9.733808
0.328460 9.758018
0.329695 9.781717
0.330929 9.804889
0.332164 9.827517
0.333399 9.849587
0.334634 9.871085
0.335869 9.891995
0.337103 9.912303
0.338338 9.931997
0.339573 9.951062
0.340808 9.969486
0.342043 9.987257
0.343278 10.004362
0.344512 10.020791
0.345747 10.036531
0.346982 10.051573
0.348217 10.065906
0.349452 10.079520
0.350686 10.092406
0.351921 10.104556
0.353156 10.115962
0.354391 10.126614
0.355626 10.136507
0.356860 10.145634
0.358095 10.153988
0.359330 10.161563
0.360565 10.168355
0.361800 10.174359
0.363034 10.179571
0.364269 10.183987
0.365504 10.187604
0.366739 10.190420
0.367974 10.192433
0.369208 10.193641
0.370443 10.194044

0.370443 10.194044
0.372582 10.192904
0.374721 10.189487
0.376860 10.183804
0.378998 10.175871
0.381137 10.165710
0.383276 10.153351
0.385415 10.138828
0.387553 10.122183
0.389692 10.103464
0.391831 10.082721
0.393970 10.060013
0.396108 10.035401
0.398247 10.008954
0.400386 9.980740
0.402525 9.950835
0.404663 9.919318
0.406802 9.886269
0.408941 9.851772
0.411080 9.815912
0.413218 9.778778
0.415357 9.740460
0.417496 9.701047
0.419635 9.660630
0.421773 9.619303
0.423912 9.577156
0.426051 9.534282
0.428190 9.490774
0.430328 9.446722
0.432467 9.402217
0.434606 9.357352
0.436745 9.312216
0.438883 9.266900
0.441022 9.221492
0.443161 9.176083
0.445300 9.130762
0.447439 9.085619
0.449577 9.040746
0.451716 8.996234
0.453855 8.952175
0.455993 8.908666
0.458132 8.865802
0.460271 8.823684
0.462410 8.782414
0.464548 8.742098
0.466687 8.702843
0.468826 8.664762
0.470965 8.627970
0.473104 8.592584
0.475242 8.558724
0.477381 8.526512
0.479520 8.496068
0.481659 8.467512
0.483797 8.440962
0.485936 8.416530
0.488075 8.394318
0.490214 8.374423
0.492352 8.356926
0.494491 8.341895
0.496630 8.329381
0.498769 8.319416
0.500907 8.312014
0.503046 8.307165
0.505185 8.304841
0.507324 8.304993
0.509462 8.307551
0.511601 8.312429
0.513740 8.319523
0.515879 8.328717
0.518017 8.339879
0.520156 8.352870
0.522295 8.367541
0.524434 8.383737
0.526572 8.401299
0.528711 8.420062
0.530850 8.439861
0.532989 8.460531
0.535127 8.481905
0.537266 8.503818
0.539405 8.526104
0.541544 8.548603
0.543682 8.571156
0.545821 8.593607
0.547960 8.615805
0.550099 8.637602
0.552238 8.658856
0.554376 8.679430
0.556515 8.699195
0.558654 8.718025
0.560793 8.735804
0.562931 8.752422
0.565070 8.767777
0.567209 8.781775
0.569348 8.794331
0.571486 8.805370
0.573625 8.814825
0.575764 8.822639
0.577903 8.828765
0.580041 8.833168
0.582180 8.835820
0.584319 8.836705


0.000000 8.836705
0.001235 8.836541
0.002470 8.836047
0.003704 8.835224
0.004939 8.834073
0.006174 8.832594
0.007409 8.830788
0.008644 8.828656
0.009879 8.826200
0.011113 8.823420
0.012348 8.820319
0.013583 8.816898
0.014818 8.813159
0.016053 8.809104
0.017287 8.804736
0.018522 8.800056
0.019757 8.795068
0.020992 8.789774
0.022227 8.784177
0.023461 8.778280
0.024696 8.772087
0.025931 8.765600
0.027166 8.758822
0.028401 8.751759
0.029635 8.744412
0.030870 8.736785
0.032105 8.728883
0.033340 8.720709
0.034575 8.712268
0.035810 8.703562
0.037044 8.694597
0.038279 8.685376
0.039514 8.675903
0.040749 8.666183
0.041984 8.656220
0.043218 8.646018
0.044453 8.635580
0.045688 8.624912
0.046923 8.614018
0.048158 8.602901
0.049392 8.591566
0.050627 8.580017
0.051862 8.568258
0.053097 8.556293
0.054332 8.544126
0.055566 8.531760
0.056801 8.519200
0.058036 8.506450
0.059271 8.493512
0.060506 8.480391
0.061740 8.467090
0.062975 8.453613
0.064210 8.439961
0.065445 8.426140
0.066680 8.412151
0.067915 8.397998
0.069149 8.383683
0.070384 8.369210
0.071619 8.354579
0.072854 8.339795
0.074089 8.324859
0.075324 8.309773
0.076558 8.294539
0.077793 8.279159
0.079028 8.263635
0.080263 8.247968
0.081498 8.232160
0.082732 8.216212
0.083967 8.200124
0.085202 8.183899
0.086437 8.167537
0.087672 8.151038
0.088906 8.134404
0.090141 8.117635
0.091376 8.100730
0.092611 8.083691
0.093846 8.066518
0.095080 8.049211
0.096315 8.031769
0.097550 8.014193
0.098785 7.996482
0.100020 7.978636
0.101254 7.960655
0.102489 7.942538
0.103724 7.924286
0.104959 7.905897
0.106194 7.887370
0.107429 7.868707
0.108663 7.849905
0.109898 7.830964
0.111133 7.811884
0.112368 7.792664
0.113603 7.773304
0.114837 7.753803
0.116072 7.734160
0.117307 7.714376
0.118542 7.694449
0.119777 7.674380
0.121011 7.654168
0.122246 7.633814
0.123481 7.613316

0.123481 7.613316
0.124716 7.613755
0.125951 7.615066
0.127186 7.617236
0.128420 7.620240
0.129655 7.624048
0.130890 7.628622
0.132125 7.633917
0.133360 7.639885
0.134594 7.646477
0.135829 7.653638
0.137064 7.661316
0.138299 7.669458
0.139534 7.678012
0.140768 7.686931
0.142003 7.696165
0.143238 7.705671
0.144473 7.715407
0.145708 7.725334
0.146943 7.735417
0.148177 7.745623
0.149412 7.755921
0.150647 7.766285
0.151882 7.776690
0.153117 7.787114
0.154351 7.797535
0.155586 7.807938
0.156821 7.818304
0.158056 7.828620
0.159291 7.838874
0.160525 7.849053
0.161760 7.859148
0.162995 7.869150
0.164230 7.879052
0.165465 7.888845
0.166700 7.898526
0.167934 7.908088
0.169169 7.917527
0.170404 7.926839
0.171639 7.936022
0.172874 7.945072
0.174108 7.953987
0.175343 7.962765
0.176578 7.971405
0.177813 7.979904
0.179048 7.988262
0.180282 7.996477
0.181517 8.004550
0.182752 8.012478
0.183987 8.020261
0.185222 8.027898
0.186456 8.035389
0.187691 8.042732
0.188926 8.049927
0.190161 8.056973
0.191396 8.063869
0.192631 8.070613
0.193865 8.077205
0.195100 8.083641
0.196335 8.089922
0.197570 8.096045
0.198805 8.102008
0.200039 8.107809
0.201274 8.113444
0.202509 8.118912
0.203744 8.124209
0.204979 8.129331
0.206213 8.134276
0.207448 8.139040
0.208683 8.143618
0.209918 8.148005
0.211153 8.152198
0.212388 8.156191
0.213622 8.159980
0.214857 8.163557
0.216092 8.166919
0.217327 8.170058
0.218561 8.172968
0.219796 8.175643
0.221031 8.178075
0.222266 8.180259
0.223501 8.182185
0.224736 8.183847
0.225970 8.185236
0.227205 8.186345
0.228440 8.187166
0.229675 8.187689
0.230910 8.187906
0.232145 8.187809
0.233379 8.187387
0.234614 8.186632
0.235849 8.185535
0.237084 8.184086
0.238318 8.182275
0.239553 8.180093
0.240788 8.177530
0.242023 8.174577
0.243258 8.171223
0.244493 8.167458
0.245727 8.163272
0.246962 8.158657

0.246962 8.158657
0.248197 8.159456
0.249432 8.161851
0.250667 8.165830
0.251901 8.171371
0.253136 8.178450
0.254371 8.187032
0.255606 8.197078
0.256841 8.208542
0.258076 8.221378
0.259310 8.235531
0.260545 8.250948
0.261780 8.267572
0.263015 8.285345
0.264250 8.304208
0.265484 8.324105
0.266719 8.344976
0.267954 8.366766
0.269189 8.389419
0.270424 8.412882
0.271658 8.437102
0.272893 8.462028
0.274128 8.487613
0.275363 8.513808
0.276598 8.540570
0.277832 8.567854
0.279067 8.595620
0.280302 8.623828
0.281537 8.652439
0.282772 8.681416
0.284006 8.710725
0.285241 8.740330
0.286476 8.770201
0.287711 8.800303
0.288946 8.830608
0.290181 8.861085
0.291415 8.891706
0.292650 8.922443
0.293885 8.953268
0.295120 8.984155
0.296355 9.015079
0.297589 9.046014
0.298824 9.076935
0.300059 9.107819
0.301294 9.138642
0.302529 9.169380
0.303764 9.200011
0.304998 9.230513
0.306233 9.260863
0.307468 9.291039
0.308703 9.321021
0.309938 9.350788
0.311172 9.380317
0.312407 9.409591
0.313642 9.438587
0.314877 9.467286
0.316112 9.495670
0.317346 9.523717
0.318581 9.551411
0.319816 9.578731
0.321051 9.605660
0.322286 9.632179
0.323520 9.658270
0.324755 9.683917
0.325990 9.709102
0.327225 9.733808
0.328460 9.758018
0.329695 9.781717
0.330929 9.804889
0.332164 9.827517
0.333399 9.849587
0.334634 9.871085
0.335869 9.891995
0.337103 9.912303
0.338338 9.931997
0.339573 9.951062
0.340808 9.969486
0.342043 9.987257
0.343278 10.004362
0.344512 10.020791
0.345747 10.036531
0.346982 10.051573
0.348217 10.065906
0.349452 10.079520
0.350686 10.092406
0.351921 10.104556
0.353156 10.115962
0.354391 10.126614
0.355626 10.136507
0.356860 10.145634
0.358095 10.153988
0.359330 10.161563
0.360565 10.168355
0.361800 10.174359
0.363034 10.179571
0.364269 10.183987
0.365504 10.187604
0.366739 10.190420
0.367974 10.192433
0.369208 10.193641
0.370443 10.194044

0.370443 10.194044
0.372582 10.192904
0.374721 10.189487
0.376860 10.183804
0.378998 10.175871
0.381137 10.165710
0.383276 10.153351
0.385415 10.138828
0.387553 10.122183
0.389692 10.103464
0.391831 10.082721
0.393970 10.060013
0.396108 10.035401
0.398247 10.008954
0.400386 9.980740
0.402525 9.950835
0.404663 9.919318
0.406802 9.886269
0.408941 9.851772
0.411080 9.815912
0.413218 9.778778
0.415357 9.740460
0.417496 9.701047
0.419635 9.660630
0.421773 9.619303
0.423912 9.577156
0.426051 9.534282
0.428190 9.490774
0.430328 9.446722
0.432467 9.402217
0.434606 9.357352
0.436745 9.312216
0.438883 9.266900
0.441022 9.221492
0.443161 9.176083
0.445300 9.130762
0.447439 9.085619
0.449577 9.040746
0.451716 8.996234
0.453855 8.952175
0.455993 8.908666
0.458132 8.865802
0.460271 8.823684
0.462410 8.782414
0.464548 8.742098
0.466687 8.702843
0.468826 8.664762
0.470965 8.627970
0.473104 8.592584
0.475242 8.558724
0.477381 8.526512
0.479520 8.496068
0.481659 8.467512
0.483797 8.440962
0.485936 8.416530
0.488075 8.394318
0.490214 8.374423
0.492352 8.356926
0.494491 8.341895
0.496630 8.329381
0.498769 8.319416
0.500907 8.312014
0.503046 8.307165
0.505185 8.304841
0.507324 8.304993
0.509462 8.307551
0.511601 8.312429
0.513740 8.319523
0.515879 8.328717
0.518017 8.339879
0.520156 8.352870
0.522295 8.367541
0.524434 8.383737
0.526572 8.401299
0.528711 8.420062
0.530850 8.439861
0.532989 8.460531
0.535127 8.481905
0.537266 8.503818
0.539405 8.526104
0.541544 8.548603
0.543682 8.571156
0.545821 8.593607
0.547960 8.615805
0.550099 8.637602
0.552238 8.658856
0.554376 8.679430
0.556515 8.699195
0.558654 8.718025
0.560793 8.735804
0.562931 8.752422
0.565070 8.767777
0.567209 8.781775
0.569348 8.794331
0.571486 8.805370
0.573625 8.814825
0.575764 8.822639
0.577903 8.828765
0.580041 8.833168
0.582180 8.835820
0.584319 8.836705


0.000000 8.836705
0.001235 8.836541
0.002470 8.836047
0.003704 8.835224
0.004939 8.834073
0.006174 8.832594
0.007409 8.830788
0.008644 8.828656
0.009879 8.826200
0.011113 8.823420
0.012348 8.820319
0.013583 8.816898
0.014818 8.813159
0.016053 8.809104
0.017287 8.804736
0.018522 8.800056
0.019757 8.795068
0.020992 8.789774
0.022227 8.784177
0.023461 8.778280
0.024696 8.772087
0.025931 8.765600
0.027166 8.758822
0.028401 8.751759
0.029635 8.744412
0.030870 8.736785
0.032105 8.728883
0.033340 8.720709
0.034575 8.712268
0.035810 8.703562
0.037044 8.694597
0.038279 8.685376
0.039514 8.675903
0.040749 8.666183
0.041984 8.656220
0.043218 8.646018
0.044453 8.635580
0.045688 8.624912
0.046923 8.614018
0.048158 8.602901
0.049392 8.591566
0.050627 8.580017
0.051862 8.568258
0.053097 8.556293
0.054332 8.544126
0.055566 8.531760
0.056801 8.519200
0.058036 8.506450
0.059271 8.493512
0.060506 8.480391
0.061740 8.467090
0.062975 8.453613
0.064210 8.439961
0.065445 8.426140
0.066680 8.412151
0.067915 8.397998
0.069149 8.383683
0.070384 8.369210
0.071619 8.354579
0.072854 8.339795
0.074089 8.324859
0.075324 8.309773
0.076558 8.294539
0.077793 8.279159
0.079028 8.263635
0.080263 8.247968
0.081498 8.232160
0.082732 8.216212
0.083967 8.200124
0.085202 8.183899
0.086437 8.167537
0.087672 8.151038
0.088906 8.134404
0.090141 8.117635
0.091376 8.100730
0.092611 8.083691
0.093846 8.066518
0.095080 8.049211
0.096315 8.031769
0.097550 8.014193
0.098785 7.996482
0.100020 7.978636
0.101254 7.960655
0.102489 7.942538
0.103724 7.924286
0.104959 7.905897
0.106194 7.887370
0.107429 7.868707
0.108663 7.849905
0.109898 7.830964
0.111133 7.811884
0.112368 7.792664
0.113603 7.773304
0.114837 7.753803
0.116072 7.734160
0.117307 7.714376
0.118542 7.694449
0.119777 7.674380
0.121011 7.654168
0.122246 7.633814
0.123481 7.613316

0.123481 7.613316
0.124716 7.613755
0.125951 7.615066
0.127186 7.617236
0.128420 7.620240
0.129655 7.624048
0.130890 7.628622
0.132125 7.633917
0.133360 7.639885
0.134594 7.646477
0.135829 7.653638
0.137064 7.661316
0.138299 7.669458
0.139534 7.678012
0.140768 7.686931
0.142003 7.696165
0.143238 7.705671
0.144473 7.715407
0.145708 7.725334
0.146943 7.735417
0.148177 7.745623
0.149412 7.755921
0.150647 7.766285
0.151882 7.776690
0.153117 7.787114
0.154351 7.797535
0.155586 7.807938
0.156821 7.818304
0.158056 7.828620
0.159291 7.838874
0.160525 7.849053
0.161760 7.859148
0.162995 7.869150
0.164230 7.879052
0.165465 7.888845
0.166700 7.898526
0.167934 7.908088
0.169169 7.917527
0.170404 7.926839
0.171639 7.936022
0.172874 7.945072
0.174108 7.953987
0.175343 7.962765
0.176578 7.971405
0.177813 7.979904
0.179048 7.988262
0.180282 7.996477
0.181517 8.004550
0.182752 8.012478
0.183987 8.020261
0.185222 8.027898
0.186456 8.035389
0.187691 8.042732
0.188926 8.049927
0.190161 8.056973
0.191396 8.063869
0.192631 8.070613
0.193865 8.077205
0.195100 8.083641
0.196335 8.089922
0.197570 8.096045
0.198805 8.102008
0.200039 8.107809
0.201274 8.113444
0.202509 8.118912
0.203744 8.124209
0.204979 8.129331
0.206213 8.134276
0.207448 8.139040
0.208683 8.143618
0.209918 8.148005
0.211153 8.152198
0.212388 8.156191
0.213622 8.159980
0.214857 8.163557
0.216092 8.166919
0.217327 8.170058
0.218561 8.172968
0.219796 8.175643
0.221031 8.178075
0.222266 8.180259
0.223501 8.182185
0.224736 8.183847
0.225970 8.185236
0.227205 8.186345
0.228440 8.187166
0.229675 8.187689
0.230910 8.187906
0.232145 8.187809
0.233379 8.187387
0.234614 8.186632
0.235849 8.185535
0.237084 8.184086
0.238318 8.182275
0.239553 8.180093
0.240788 8.177530
0.242023 8.174577
0.243258 8.171223
0.244493 8.167458
0.245727 8.163272
0.246962 8.158657

0.246962 8.158657
0.248197 8.159456
0.249432 8.161851
0.250667 8.165830
0.251901 8.171371
0.253136 8.178450
0.254371 8.187032
0.255606 8.197078
0.256841 8.208542
0.258076 8.221378
0.259310 8.235531
0.260545 8.250948
0.261780 8.267572
0.263015 8.285345
0.264250 8.304208
0.265484 8.324105
0.266719 8.344976
0.267954 8.366766
0.269189 8.389419
0.270424 8.412882
0.271658 8.437102
0.272893 8.462028
0.274128 8.487613
0.275363 8.513808
0.276598 8.540570
0.277832 8.567854
0.279067 8.595620
0.280302 8.623828
0.281537 8.652439
0.282772 8.681416
0.284006 8.710725
0.285241 8.740330
0.286476 8.770201
0.287711 8.800303
0.288946 8.830608
0.290181 8.861085
0.291415 8.891706
0.292650 8.922443
0.293885 8.953268
0.295120 8.984155
0.296355 9.015079
0.297589 9.046014
0.298824 9.076935
0.300059 9.107819
0.301294 9.138642
0.302529 9.169380
0.303764 9.200011
0.304998 9.230513
0.306233 9.260863
0.307468 9.291039
0.308703 9.321021
0.309938 9.350788
0.311172 9.380317
0.312407 9.409591
0.313642 9.438587
0.314877 9.467286
0.316112 9.495670
0.317346 9.523717
0.318581 9.551411
0.319816 9.578731
0.321051 9.605660
0.322286 9.632179
0.323520 9.658270
0.324755 9.683917
0.325990 9.709102
0.327225 9.733808
0.328460 9.758018
0.329695 9.781717
0.330929 9.804889
0.332164 9.827517
0.333399 9.849587
0.334634 9.871085
0.335869 9.891995
0.337103 9.912303
0.338338 9.931997
0.339573 9.951062
0.340808 9.969486
0.342043 9.987257
0.343278 10.004362
0.344512 10.020791
0.345747 10.036531
0.346982 10.051573
0.348217 10.065906
0.349452 10.079520
0.350686 10.092406
0.351921 10.104556
0.353156 10.115962
0.354391 10.126614
0.355626 10.136507
0.356860 10.145634
0.358095 10.153988
0.359330 10.161563
0.360565 10.168355
0.361800 10.174359
0.363034 10.179571
0.364269 10.183987
0.365504 10.187604
0.366739 10.190420
0.367974 10.192433
0.369208 10.193641
0.370443 10.194044

0.370443 10.194044
0.372582 10.192904
0.374721 10.189487
0.376860 10.183804
0.378998 10.175871
0.381137 10.165710
0.383276 10.153351
0.385415 10.138828
0.387553 10.122183
0.389692 10.103464
0.391831 10.082721
0.393970 10.060013
0.396108 10.035401
0.398247 10.008954
0.400386 9.980740
0.402525 9.950835
0.404663 9.919318
0.406802 9.886269
0.408941 9.851772
0.411080 9.815912
0.413218 9.778778
0.415357 9.740460
0.417496 9.701047
0.419635 9.660630
0.421773 9.619303
0.423912 9.577156
0.426051 9.534282
0.428190 9.490774
0.430328 9.446722
0.432467 9.402217
0.434606 9.357352
0.436745 9.312216
0.438883 9.266900
0.441022 9.221492
0.443161 9.176083
0.445300 9.130762
0.447439 9.085619
0.449577 9.040746
0.451716 8.996234
0.453855 8.952175
0.455993 8.908666
0.458132 8.865802
0.460271 8.823684
0.462410 8.782414
0.464548 8.742098
0.466687 8.702843
0.468826 8.664762
0.470965 8.627970
0.473104 8.592584
0.475242 8.558724
0.477381 8.526512
0.479520 8.496068
0.481659 8.467512
0.483797 8.440962
0.485936 8.416530
0.488075 8.394318
0.490214 8.374423
0.492352 8.356926
0.494491 8.341895
0.496630 8.329381
0.498769 8.319416
0.500907 8.312014
0.503046 8.307165
0.505185 8.304841
0.507324 8.304993
0.509462 8.307551
0.511601 8.312429
0.513740 8.319523
0.515879 8.328717
0.518017 8.339879
0.520156 8.352870
0.522295 8.367541
0.524434 8.383737
0.526572 8.401299
0.528711 8.420062
0.530850 8.439861
0.532989 8.460531
0.535127 8.481905
0.537266 8.503818
0.539405 8.526104
0.541544 8.548603
0.543682 8.571156
0.545821 8.593607
0.547960 8.615805
0.550099 8.637602
0.552238 8.658856
0.554376 8.679430
0.556515 8.699195
0.558654 8.718025
0.560793 8.735804
0.562931 8.752422
0.565070 8.767777
0.567209 8.781775
0.569348 8.794331
0.571486 8.805370
0.573625 8.814825
0.575764 8.822639
0.577903 8.828765
0.580041 8.833168
0.582180 8.835820
0.584319 8.836705



