# distance  frequency (bands are separated by blank lines)
# End points of segments: 
#   0.00000000 0.12348110 0.24696220 0.37044330 0.58431880 
0.000000 -0.000000
0.001235 0.061552
0.002470 0.123081
0.003704 0.184564
0.004939 0.245976
0.006174 0.307296
0.007409 0.368500
0.008644 0.429566
0.009879 0.490470
0.011113 0.551190
0.012348 0.611705
0.013583 0.671993
0.014818 0.732032
0.016053 0.791801
0.017287 0.851280
0.018522 0.910449
0.019757 0.969287
0.020992 1.027777
0.022227 1.085898
0.023461 1.143633
0.024696 1.200964
0.025931 1.257875
0.027166 1.314349
0.028401 1.370371
0.029635 1.425926
0.030870 1.480999
0.032105 1.535578
0.033340 1.589649
0.034575 1.643201
0.035810 1.696222
0.037044 1.748702
0.038279 1.800633
0.039514 1.852004
0.040749 1.902809
0.041984 1.953040
0.043218 2.002692
0.044453 2.051759
0.045688 2.100237
0.046923 2.148123
0.048158 2.195414
0.049392 2.242108
0.050627 2.288206
0.051862 2.333706
0.053097 2.378611
0.054332 2.422921
0.055566 2.466641
0.056801 2.509773
0.058036 2.552322
0.059271 2.594293
0.060506 2.635693
0.061740 2.676529
0.062975 2.716807
0.064210 2.756537
0.065445 2.795728
0.066680 2.834389
0.067915 2.872531
0.069149 2.910165
0.070384 2.947303
0.071619 2.983957
0.072854 3.020140
0.074089 3.055864
0.075324 3.091143
0.076558 3.125993
0.077793 3.160426
0.079028 3.194457
0.080263 3.228102
0.081498 3.261375
0.082732 3.294291
0.083967 3.326867
0.085202 3.359116
0.086437 3.391056
0.087672 3.422700
0.088906 3.454064
0.090141 3.485163
0.091376 3.516013
0.092611 3.546626
0.093846 3.577018
0.095080 3.607203
0.096315 3.637194
0.097550 3.667003
0.098785 3.696644
0.100020 3.726128
0.101254 3.755468
0.102489 3.784672
0.103724 3.813753
0.104959 3.842718
0.106194 3.871577
0.107429 3.900338
0.108663 3.929008
0.109898 3.957594
0.111133 3.986100
0.112368 4.014532
0.113603 4.042894
0.114837 4.071188
0.116072 4.099418
0.117307 4.127584
0.118542 4.155687
0.119777 4.183727
0.121011 4.211703
0.122246 4.239612
0.123481 4.267453

0.123481 4.267453
0.124716 4.267513
0.125951 4.267695
0.127186 4.267998
0.128420 4.268424
0.129655 4.268973
0.130890 4.269648
0.132125 4.270451
0.133360 4.271383
0.134594 4.272446
0.135829 4.273645
0.137064 4.274980
0.138299 4.276456
0.139534 4.278076
0.140768 4.279841
0.142003 4.281757
0.143238 4.283824
0.144473 4.286048
0.145708 4.288429
0.146943 4.290972
0.148177 4.293678
0.149412 4.296549
0.150647 4.299588
0.151882 4.302796
0.153117 4.306173
0.154351 4.309721
0.155586 4.313441
0.156821 4.317330
0.158056 4.321391
0.159291 4.325620
0.160525 4.330017
0.161760 4.334579
0.162995 4.339304
0.164230 4.344188
0.165465 4.349230
0.166700 4.354423
0.167934 4.359764
0.169169 4.365248
0.170404 4.370869
0.171639 4.376623
0.172874 4.382502
0.174108 4.388502
0.175343 4.394614
0.176578 4.400832
0.177813 4.407150
0.179048 4.413560
0.180282 4.420054
0.181517 4.426627
0.182752 4.433270
0.183987 4.439976
0.185222 4.446738
0.186456 4.453549
0.187691 4.460403
0.188926 4.467293
0.190161 4.474212
0.191396 4.481156
0.192631 4.488118
0.193865 4.495094
0.195100 4.502079
0.196335 4.509069
0.197570 4.516061
0.198805 4.523052
0.200039 4.530039
0.201274 4.537021
0.202509 4.543996
0.203744 4.550965
0.204979 4.557928
0.206213 4.564885
0.207448 4.571839
0.208683 4.578791
0.209918 4.585744
0.211153 4.592703
0.212388 4.599672
0.213622 4.606655
0.214857 4.613657
0.216092 4.620686
0.217327 4.627748
0.218561 4.634849
0.219796 4.641998
0.221031 4.649202
0.222266 4.656471
0.223501 4.663813
0.224736 4.671238
0.225970 4.678754
0.227205 4.686372
0.228440 4.694102
0.229675 4.701954
0.230910 4.709938
0.232145 4.718065
0.233379 4.726344
0.234614 4.734786
0.235849 4.743402
0.237084 4.752201
0.238318 4.761193
0.239553 4.770387
0.240788 4.779794
0.242023 4.789423
0.243258 4.799281
0.244493 4.809378
0.245727 4.819721
0.246962 4.830318

0.246962 4.830318
0.248197 4.830270
0.249432 4.830126
0.250667 4.829885
0.251901 4.829547
0.253136 4.829109
0.254371 4.828572
0.255606 4.827932
0.256841 4.827189
0.258076 4.826338
0.259310 4.825378
0.260545 4.824306
0.261780 4.823118
0.263015 4.821812
0.264250 4.820382
0.265484 4.818826
0.266719 4.817139
0.267954 4.815317
0.269189 4.813356
0.270424 4.811252
0.271658 4.809000
0.272893 4.806595
0.274128 4.804033
0.275363 4.801310
0.276598 4.798421
0.277832 4.795362
0.279067 4.792129
0.280302 4.788717
0.281537 4.785123
0.282772 4.781342
0.284006 4.777372
0.285241 4.773209
0.286476 4.768851
0.287711 4.764294
0.288946 4.759536
0.290181 4.754575
0.291415 4.749411
0.292650 4.744041
0.293885 4.738466
0.295120 4.732684
0.296355 4.726697
0.297589 4.720505
0.298824 4.714109
0.300059 4.707512
0.301294 4.700715
0.302529 4.693722
0.303764 4.686537
0.304998 4.679164
0.306233 4.671607
0.307468 4.663873
0.308703 4.655966
0.309938 4.647895
0.311172 4.639665
0.312407 4.631286
0.313642 4.622766
0.314877 4.614114
0.316112 4.605339
0.317346 4.596453
0.318581 4.587467
0.319816 4.578391
0.321051 4.569238
0.322286 4.560022
0.323520 4.550754
0.324755 4.541448
0.325990 4.532120
0.327225 4.522783
0.328460 4.513453
0.329695 4.504144
0.330929 4.494873
0.332164 4.485655
0.333399 4.476507
0.334634 4.467446
0.335869 4.458487
0.337103 4.449648
0.338338 4.440946
0.339573 4.432397
0.340808 4.424018
0.342043 4.415826
0.343278 4.407838
0.344512 4.400070
0.345747 4.392539
0.346982 4.385260
0.348217 4.378249
0.349452 4.371521
0.350686 4.365091
0.351921 4.358973
0.353156 4.353180
0.354391 4.347727
0.355626 4.342625
0.356860 4.337886
0.358095 4.333520
0.359330 4.329539
0.360565 4.325951
0.361800 4.322765
0.363034 4.319988
0.364269 4.317627
0.365504 4.315688
0.366739 4.314174
0.367974 4.313091
0.369208 4.312440
0.370443 4.312222

0.370443 4.312222
0.372582 4.312410
0.374721 4.312963
0.376860 4.313852
0.378998 4.315030
0.381137 4.316431
0.383276 4.317976
0.385415 4.319570
0.387553 4.321109
0.389692 4.322481
0.391831 4.323567
0.393970 4.324249
0.396108 4.324407
0.398247 4.323924
0.400386 4.322692
0.402525 4.320608
0.404663 4.317582
0.406802 4.313534
0.408941 4.308399
0.411080 4.302125
0.413218 4.294674
0.415357 4.286023
0.417496 4.276165
0.419635 4.265102
0.421773 4.252852
0.423912 4.239442
0.426051 4.224908
0.428190 4.209293
0.430328 4.192645
0.432467 4.175014
0.434606 4.156452
0.436745 4.137007
0.438883 4.116724
0.441022 4.095644
0.443161 4.073798
0.445300 4.051211
0.447439 4.027894
0.449577 4.003851
0.451716 3.979075
0.453855 3.953546
0.455993 3.927235
0.458132 3.900103
0.460271 3.872101
0.462410 3.843175
0.464548 3.813262
0.466687 3.782298
0.468826 3.750215
0.470965 3.716943
0.473104 3.682416
0.475242 3.646571
0.477381 3.609347
0.479520 3.570691
0.481659 3.530558
0.483797 3.488910
0.485936 3.445718
0.488075 3.400963
0.490214 3.354636
0.492352 3.306736
0.494491 3.257271
0.496630 3.206260
0.498769 3.153724
0.500907 3.099694
0.503046 3.044205
0.505185 2.987294
0.507324 2.929001
0.509462 2.869364
0.511601 2.808422
0.513740 2.746211
0.515879 2.682760
0.518017 2.618098
0.520156 2.552243
0.522295 2.485209
0.524434 2.417001
0.526572 2.347620
0.528711 2.277056
0.530850 2.205295
0.532989 2.132318
0.535127 2.058099
0.537266 1.982610
0.539405 1.905822
0.541544 1.827705
0.543682 1.748229
0.545821 1.667370
0.547960 1.585106
0.550099 1.501425
0.552238 1.416320
0.554376 1.329796
0.556515 1.241867
0.558654 1.152560
0.560793 1.061913
0.562931 0.969978
0.565070 0.876821
0.567209 0.782520
0.569348 0.687164
0.571486 0.590856
0.573625 0.493710
0.575764 0.395850
0.577903 0.297407
0.580041 0.198520
0.582180 0.099335
0.584319 -0.000000


0.000000 0.000000
0.001235 0.061552
0.002470 0.123081
0.003704 0.184564
0.004939 0.245976
0.006174 0.307296
0.007409 0.368500
0.008644 0.429566
0.009879 0.490470
0.011113 0.551190
0.012348 0.611705
0.013583 0.671993
0.014818 0.732032
0.016053 0.791801
0.017287 0.851280
0.018522 0.910449
0.019757 0.969287
0.020992 1.027777
0.022227 1.085898
0.023461 1.143633
0.024696 1.200964
0.025931 1.257875
0.027166 1.314349
0.028401 1.370371
0.029635 1.425926
0.030870 1.480999
0.032105 1.535578
0.033340 1.589649
0.034575 1.643201
0.035810 1.696222
0.037044 1.748702
0.038279 1.800633
0.039514 1.852004
0.040749 1.902809
0.041984 1.953040
0.043218 2.002692
0.044453 2.051759
0.045688 2.100237
0.046923 2.148123
0.048158 2.195414
0.049392 2.242108
0.050627 2.288206
0.051862 2.333706
0.053097 2.378611
0.054332 2.422921
0.055566 2.466641
0.056801 2.509773
0.058036 2.552322
0.059271 2.594293
0.060506 2.635693
0.061740 2.676529
0.062975 2.716807
0.064210 2.756537
0.065445 2.795728
0.066680 2.834389
0.067915 2.872531
0.069149 2.910165
0.070384 2.947303
0.071619 2.983957
0.072854 3.020140
0.074089 3.055864
0.075324 3.091143
0.076558 3.125993
0.077793 3.160426
0.079028 3.194457
0.080263 3.228102
0.081498 3.261375
0.082732 3.294291
0.083967 3.326867
0.085202 3.359116
0.086437 3.391056
0.087672 3.422700
0.088906 3.454064
0.090141 3.485163
0.091376 3.516013
0.092611 3.546626
0.093846 3.577018
0.095080 3.607203
0.096315 3.637194
0.097550 3.667003
0.098785 3.696644
0.100020 3.726128
0.101254 3.755468
0.102489 3.784672
0.103724 3.813753
0.104959 3.842718
0.106194 3.871577
0.107429 3.900338
0.108663 3.929008
0.109898 3.957594
0.111133 3.986100
0.112368 4.014532
0.113603 4.042894
0.114837 4.071188
0.116072 4.099418
0.117307 4.127584
0.118542 4.155687
0.119777 4.183727
0.121011 4.211703
0.122246 4.239612
0.123481 4.267453

0.123481 4.267453
0.124716 4.267513
0.125951 4.267695
0.127186 4.267998
0.128420 4.268424
0.129655 4.268973
0.130890 4.269648
0.132125 4.270451
0.133360 4.271383
0.134594 4.272446
0.135829 4.273645
0.137064 4.274980
0.138299 4.276456
0.139534 4.278076
0.140768 4.279841
0.142003 4.281757
0.143238 4.283824
0.144473 4.286048
0.145708 4.288429
0.146943 4.290972
0.148177 4.293678
0.149412 4.296549
0.150647 4.299588
0.151882 4.302796
0.153117 4.306173
0.154351 4.309721
0.155586 4.313441
0.156821 4.317330
0.158056 4.321391
0.159291 4.325620
0.160525 4.330017
0.161760 4.334579
0.162995 4.339304
0.164230 4.344188
0.165465 4.349230
0.166700 4.354423
0.167934 4.359764
0.169169 4.365248
0.170404 4.370869
0.171639 4.376623
0.172874 4.382502
0.174108 4.388502
0.175343 4.394614
0.176578 4.400832
0.177813 4.407150
0.179048 4.413560
0.180282 4.420054
0.181517 4.426627
0.182752 4.433270
0.183987 4.439976
0.185222 4.446738
0.186456 4.453549
0.187691 4.460403
0.188926 4.467293
0.190161 4.474212
0.191396 4.481156
0.192631 4.488118
0.193865 4.495094
0.195100 4.502079
0.196335 4.509069
0.197570 4.516061
0.198805 4.523052
0.200039 4.530039
0.201274 4.537021
0.202509 4.543996
0.203744 4.550965
0.204979 4.557928
0.206213 4.564885
0.207448 4.571839
0.208683 4.578791
0.209918 4.585744
0.211153 4.592703
0.212388 4.599672
0.213622 4.606655
0.214857 4.613657
0.216092 4.620686
0.217327 4.627748
0.218561 4.634849
0.219796 4.641998
0.221031 4.649202
0.222266 4.656471
0.223501 4.663813
0.224736 4.671238
0.225970 4.678754
0.227205 4.686372
0.228440 4.694102
0.229675 4.701954
0.230910 4.709938
0.232145 4.718065
0.233379 4.726344
0.234614 4.734786
0.235849 4.743402
0.237084 4.752201
0.238318 4.761193
0.239553 4.770387
0.240788 4.779794
0.242023 4.789423
0.243258 4.799281
0.244493 4.809378
0.245727 4.819721
0.246962 4.830318

0.246962 4.830318
0.248197 4.830270
0.249432 4.830126
0.250667 4.829885
0.251901 4.829547
0.253136 4.829109
0.254371 4.828572
0.255606 4.827932
0.256841 4.827189
0.258076 4.826338
0.259310 4.825378
0.260545 4.824306
0.261780 4.823118
0.263015 4.821812
0.264250 4.820382
0.265484 4.818826
0.266719 4.817139
0.267954 4.815317
0.269189 4.813356
0.270424 4.811252
0.271658 4.809000
0.272893 4.806595
0.274128 4.804033
0.275363 4.801310
0.276598 4.798421
0.277832 4.795362
0.279067 4.792129
0.280302 4.788717
0.281537 4.785123
0.282772 4.781342
0.284006 4.777372
0.285241 4.773209
0.286476 4.768851
0.287711 4.764294
0.288946 4.759536
0.290181 4.754575
0.291415 4.749411
0.292650 4.744041
0.293885 4.738466
0.295120 4.732684
0.296355 4.726697
0.297589 4.720505
0.298824 4.714109
0.300059 4.707512
0.301294 4.700715
0.302529 4.693722
0.303764 4.686537
0.304998 4.679164
0.306233 4.671607
0.307468 4.663873
0.308703 4.655966
0.309938 4.647895
0.311172 4.639665
0.312407 4.631286
0.313642 4.622766
0.314877 4.614114
0.316112 4.605339
0.317346 4.596453
0.318581 4.587467
0.319816 4.578391
0.321051 4.569238
0.322286 4.560022
0.323520 4.550754
0.324755 4.541448
0.325990 4.532120
0.327225 4.522783
0.328460 4.513453
0.329695 4.504144
0.330929 4.494873
0.332164 4.485655
0.333399 4.476507
0.334634 4.467446
0.335869 4.458487
0.337103 4.449648
0.338338 4.440946
0.339573 4.432397
0.340808 4.424018
0.342043 4.415826
0.343278 4.407838
0.344512 4.400070
0.345747 4.392539
0.346982 4.385260
0.348217 4.378249
0.349452 4.371521
0.350686 4.365091
0.351921 4.358973
0.353156 4.353180
0.354391 4.347727
0.355626 4.342625
0.356860 4.337886
0.358095 4.333520
0.359330 4.329539
0.360565 4.325951
0.361800 4.322765
0.363034 4.319988
0.364269 4.317627
0.365504 4.315688
0.366739 4.314174
0.367974 4.313091
0.369208 4.312440
0.370443 4.312222

0.370443 4.312222
0.372582 4.312410
0.374721 4.312963
0.376860 4.313852
0.378998 4.315030
0.381137 4.316431
0.383276 4.317976
0.385415 4.319570
0.387553 4.321109
0.389692 4.322481
0.391831 4.323567
0.393970 4.324249
0.396108 4.324407
0.398247 4.323924
0.400386 4.322692
0.402525 4.320608
0.404663 4.317582
0.406802 4.313534
0.408941 4.308399
0.411080 4.302125
0.413218 4.294674
0.415357 4.286023
0.417496 4.276165
0.419635 4.265102
0.421773 4.252852
0.423912 4.239442
0.426051 4.224908
0.428190 4.209293
0.430328 4.192645
0.432467 4.175014
0.434606 4.156452
0.436745 4.137007
0.438883 4.116724
0.441022 4.095644
0.443161 4.073798
0.445300 4.051211
0.447439 4.027894
0.449577 4.003851
0.451716 3.979075
0.453855 3.953546
0.455993 3.927235
0.458132 3.900103
0.460271 3.872101
0.462410 3.843175
0.464548 3.813262
0.466687 3.782298
0.468826 3.750215
0.470965 3.716943
0.473104 3.682416
0.475242 3.646571
0.477381 3.609347
0.479520 3.570691
0.481659 3.530558
0.483797 3.488910
0.485936 3.445718
0.488075 3.400963
0.490214 3.354636
0.492352 3.306736
0.494491 3.257271
0.496630 3.206260
0.498769 3.153724
0.500907 3.099694
0.503046 3.044205
0.505185 2.987294
0.507324 2.929001
0.509462 2.869364
0.511601 2.808422
0.513740 2.746211
0.515879 2.682760
0.518017 2.618098
0.520156 2.552243
0.522295 2.485209
0.524434 2.417001
0.526572 2.347620
0.528711 2.277056
0.530850 2.205295
0.532989 2.132318
0.535127 2.058099
0.537266 1.982610
0.539405 1.905822
0.541544 1.827705
0.543682 1.748229
0.545821 1.667370
0.547960 1.585106
0.550099 1.501425
0.552238 1.416320
0.554376 1.329796
0.556515 1.241867
0.558654 1.152560
0.560793 1.061913
0.562931 0.969978
0.565070 0.876821
0.567209 0.782520
0.569348 0.687164
0.571486 0.590856
0.573625 0.493710
0.575764 0.395850
0.577903 0.297407
0.580041 0.198520
0.582180 0.099335
0.584319 0.000000


0.000000 0.000000
0.001235 0.092294
0.002470 0.184558
0.003704 0.276765
0.004939 0.368885
0.006174 0.460889
0.007409 0.552750
0.008644 0.644438
0.009879 0.735925
0.011113 0.827183
0.012348 0.918185
0.013583 1.008904
0.014818 1.099311
0.016053 1.189381
0.017287 1.279087
0.018522 1.368403
0.019757 1.457305
0.020992 1.545766
0.022227 1.633764
0.023461 1.721274
0.024696 1.808273
0.025931 1.894739
0.027166 1.980649
0.028401 2.065982
0.029635 2.150719
0.030870 2.234839
0.032105 2.318324
0.033340 2.401155
0.034575 2.483314
0.035810 2.564786
0.037044 2.645554
0.038279 2.725605
0.039514 2.804923
0.040749 2.883495
0.041984 2.961311
0.043218 3.038358
0.044453 3.114626
0.045688 3.190107
0.046923 3.264791
0.048158 3.338672
0.049392 3.411743
0.050627 3.484000
0.051862 3.555437
0.053097 3.626053
0.054332 3.695844
0.055566 3.764809
0.056801 3.832949
0.058036 3.900263
0.059271 3.966756
0.060506 4.032428
0.061740 4.097284
0.062975 4.161330
0.064210 4.224571
0.065445 4.287013
0.066680 4.348666
0.067915 4.409538
0.069149 4.469638
0.070384 4.528978
0.071619 4.587568
0.072854 4.645422
0.074089 4.702553
0.075324 4.758975
0.076558 4.814703
0.077793 4.869753
0.079028 4.924140
0.080263 4.977883
0.081498 5.030999
0.082732 5.083506
0.083967 5.074653
0.085202 5.053648
0.086437 5.032259
0.087672 5.010495
0.088906 4.988368
0.090141 4.965887
0.091376 4.943064
0.092611 4.919910
0.093846 4.896436
0.095080 4.872654
0.096315 4.848577
0.097550 4.824215
0.098785 4.799581
0.100020 4.774688
0.101254 4.749547
0.102489 4.724171
0.103724 4.698571
0.104959 4.672760
0.106194 4.646750
0.107429 4.620551
0.108663 4.594176
0.109898 4.567634
0.111133 4.540938
0.112368 4.514097
0.113603 4.487121
0.114837 4.460019
0.116072 4.432800
0.117307 4.405472
0.118542 4.378044
0.119777 4.350522
0.121011 4.322912
0.122246 4.295221
0.123481 4.267453

0.123481 4.267453
0.124716 4.267872
0.125951 4.269130
0.127186 4.271224
0.128420 4.274152
0.129655 4.277910
0.130890 4.282492
0.132125 4.287892
0.133360 4.294102
0.134594 4.301115
0.135829 4.308921
0.137064 4.317509
0.138299 4.326868
0.139534 4.336986
0.140768 4.347850
0.142003 4.359446
0.143238 4.371759
0.144473 4.384775
0.145708 4.398478
0.146943 4.412850
0.148177 4.427877
0.149412 4.443540
0.150647 4.459821
0.151882 4.476704
0.153117 4.494169
0.154351 4.512199
0.155586 4.530775
0.156821 4.549879
0.158056 4.569492
0.159291 4.589596
0.160525 4.610173
0.161760 4.631203
0.162995 4.652670
0.164230 4.674555
0.165465 4.696840
0.166700 4.719508
0.167934 4.742542
0.169169 4.765926
0.170404 4.789643
0.171639 4.813676
0.172874 4.838012
0.174108 4.862633
0.175343 4.887526
0.176578 4.912676
0.177813 4.938070
0.179048 4.963694
0.180282 4.989535
0.181517 5.015582
0.182752 5.041821
0.183987 5.068242
0.185222 5.094834
0.186456 5.121587
0.187691 5.148489
0.188926 5.175532
0.190161 5.202707
0.191396 5.230005
0.192631 5.257417
0.193865 5.284936
0.195100 5.312554
0.196335 5.340265
0.197570 5.368060
0.198805 5.395934
0.200039 5.423881
0.201274 5.419069
0.202509 5.398809
0.203744 5.378707
0.204979 5.358775
0.206213 5.339022
0.207448 5.319456
0.208683 5.300087
0.209918 5.280924
0.211153 5.261975
0.212388 5.243249
0.213622 5.224754
0.214857 5.206497
0.216092 5.188486
0.217327 5.170727
0.218561 5.153228
0.219796 5.135995
0.221031 5.119033
0.222266 5.102347
0.223501 5.085944
0.224736 5.069826
0.225970 5.053999
0.227205 5.038465
0.228440 5.023227
0.229675 5.008287
0.230910 4.993647
0.232145 4.979309
0.233379 4.965272
0.234614 4.951537
0.235849 4.938103
0.237084 4.924969
0.238318 4.912132
0.239553 4.899590
0.240788 4.887340
0.242023 4.875378
0.243258 4.863700
0.244493 4.852301
0.245727 4.841176
0.246962 4.830318

0.246962 4.830318
0.248197 4.830270
0.249432 4.830126
0.250667 4.829885
0.251901 4.829547
0.253136 4.829109
0.254371 4.828572
0.255606 4.827932
0.256841 4.827189
0.258076 4.826338
0.259310 4.825378
0.260545 4.824306
0.261780 4.823118
0.263015 4.821812
0.264250 4.820382
0.265484 4.818826
0.266719 4.817139
0.267954 4.815317
0.269189 4.813356
0.270424 4.811252
0.271658 4.809000
0.272893 4.806595
0.274128 4.804033
0.275363 4.801310
0.276598 4.798421
0.277832 4.795362
0.279067 4.792129
0.280302 4.788717
0.281537 4.785123
0.282772 4.781342
0.284006 4.777372
0.285241 4.773209
0.286476 4.768851
0.287711 4.764294
0.288946 4.759536
0.290181 4.754575
0.291415 4.749411
0.292650 4.744041
0.293885 4.738466
0.295120 4.732684
0.296355 4.726697
0.297589 4.720505
0.298824 4.714109
0.300059 4.707512
0.301294 4.700715
0.302529 4.693722
0.303764 4.686537
0.304998 4.679164
0.306233 4.671607
0.307468 4.663873
0.308703 4.655966
0.309938 4.647895
0.311172 4.639665
0.312407 4.631286
0.313642 4.622766
0.314877 4.614114
0.316112 4.605339
0.317346 4.596453
0.318581 4.587467
0.319816 4.578391
0.321051 4.569238
0.322286 4.560022
0.323520 4.550754
0.324755 4.541448
0.325990 4.532120
0.327225 4.522783
0.328460 4.513453
0.329695 4.504144
0.330929 4.494873
0.332164 4.485655
0.333399 4.476507
0.334634 4.467446
0.335869 4.458487
0.337103 4.449648
0.338338 4.440946
0.339573 4.432397
0.340808 4.424018
0.342043 4.415826
0.343278 4.407838
0.344512 4.400070
0.345747 4.392539
0.346982 4.385260
0.348217 4.378249
0.349452 4.371521
0.350686 4.365091
0.351921 4.358973
0.353156 4.353180
0.354391 4.347727
0.355626 4.342625
0.356860 4.337886
0.358095 4.333520
0.359330 4.329539
0.360565 4.325951
0.361800 4.322765
0.363034 4.319988
0.364269 4.317627
0.365504 4.315688
0.366739 4.314174
0.367974 4.313091
0.369208 4.312440
0.370443 4.312222

0.370443 4.312222
0.372582 4.313068
0.374721 4.315596
0.376860 4.319778
0.378998 4.325571
0.381137 4.332913
0.383276 4.341729
0.385415 4.351934
0.387553 4.363430
0.389692 4.376114
0.391831 4.389878
0.393970 4.404615
0.396108 4.420215
0.398247 4.436576
0.400386 4.453600
0.402525 4.471198
0.404663 4.489290
0.406802 4.507810
0.408941 4.526699
0.411080 4.545916
0.413218 4.565428
0.415357 4.585218
0.417496 4.605277
0.419635 4.625607
0.421773 4.646222
0.423912 4.667138
0.426051 4.688382
0.428190 4.709980
0.430328 4.731963
0.432467 4.754359
0.434606 4.777196
0.436745 4.800496
0.438883 4.824278
0.441022 4.848552
0.443161 4.873321
0.445300 4.898580
0.447439 4.924314
0.449577 4.950499
0.451716 4.977104
0.453855 5.004086
0.455993 5.031396
0.458132 5.058979
0.460271 5.086771
0.462410 5.114707
0.464548 5.142715
0.466687 5.170722
0.468826 5.198654
0.470965 5.226436
0.473104 5.253996
0.475242 5.281261
0.477381 5.308163
0.479520 5.334636
0.481659 5.360617
0.483797 5.386048
0.485936 5.410873
0.488075 5.435042
0.490214 5.458506
0.492352 5.481220
0.494491 5.503142
0.496630 5.524231
0.498769 5.544449
0.500907 5.539041
0.503046 5.424775
0.505185 5.309565
0.507324 5.193383
0.509462 5.076195
0.511601 4.957963
0.513740 4.838643
0.515879 4.718185
0.518017 4.596534
0.520156 4.473629
0.522295 4.349406
0.524434 4.223796
0.526572 4.096728
0.528711 3.968129
0.530850 3.837924
0.532989 3.706041
0.535127 3.572410
0.537266 3.436964
0.539405 3.299641
0.541544 3.160389
0.543682 3.019163
0.545821 2.875926
0.547960 2.730658
0.550099 2.583347
0.552238 2.433998
0.554376 2.282630
0.556515 2.129280
0.558654 1.973998
0.560793 1.816852
0.562931 1.657927
0.565070 1.497324
0.567209 1.335159
0.569348 1.171565
0.571486 1.006686
0.573625 0.840681
0.575764 0.673719
0.577903 0.505980
0.580041 0.337651
0.582180 0.168925
0.584319 0.000000


0.000000 5.599717
0.001235 5.599685
0.002470 5.599588
0.003704 5.599425
0.004939 5.599194
0.006174 5.598892
0.007409 5.598517
0.008644 5.598065
0.009879 5.597530
0.011113 5.596908
0.012348 5.596193
0.013583 5.595377
0.014818 5.594455
0.016053 5.593417
0.017287 5.592257
0.018522 5.590964
0.019757 5.589530
0.020992 5.587946
0.022227 5.586201
0.023461 5.584284
0.024696 5.582185
0.025931 5.579892
0.027166 5.577396
0.028401 5.574683
0.029635 5.571742
0.030870 5.568562
0.032105 5.565130
0.033340 5.561435
0.034575 5.557464
0.035810 5.553207
0.037044 5.548650
0.038279 5.543783
0.039514 5.538593
0.040749 5.533070
0.041984 5.527202
0.043218 5.520979
0.044453 5.514391
0.045688 5.507426
0.046923 5.500076
0.048158 5.492332
0.049392 5.484183
0.050627 5.475623
0.051862 5.466643
0.053097 5.457236
0.054332 5.447395
0.055566 5.437114
0.056801 5.426387
0.058036 5.415210
0.059271 5.403578
0.060506 5.391487
0.061740 5.378935
0.062975 5.365918
0.064210 5.352436
0.065445 5.338488
0.066680 5.324072
0.067915 5.309190
0.069149 5.293843
0.070384 5.278031
0.071619 5.261759
0.072854 5.245028
0.074089 5.227842
0.075324 5.210206
0.076558 5.192126
0.077793 5.173606
0.079028 5.154652
0.080263 5.135273
0.081498 5.115474
0.082732 5.095265
0.083967 5.074653
0.085202 5.053648
0.086437 5.032259
0.087672 5.010495
0.088906 4.988368
0.090141 4.965887
0.091376 4.943064
0.092611 4.919910
0.093846 4.896436
0.095080 4.872654
0.096315 4.848577
0.097550 4.824215
0.098785 4.799581
0.100020 4.774688
0.101254 4.749547
0.102489 4.724171
0.103724 4.698571
0.104959 4.672760
0.106194 4.646750
0.107429 4.620551
0.108663 4.594176
0.109898 4.567634
0.111133 4.540938
0.112368 4.514097
0.113603 4.487121
0.114837 4.460019
0.116072 4.432800
0.117307 4.405472
0.118542 4.378044
0.119777 4.350522
0.121011 4.322912
0.122246 4.295221
0.123481 4.267453

0.123481 4.267453
0.124716 4.267872
0.125951 4.269130
0.127186 4.271224
0.128420 4.274152
0.129655 4.277910
0.130890 4.282492
0.132125 4.287892
0.133360 4.294102
0.134594 4.301115
0.135829 4.308921
0.137064 4.317509
0.138299 4.326868
0.139534 4.336986
0.140768 4.347850
0.142003 4.359446
0.143238 4.371759
0.144473 4.384775
0.145708 4.398478
0.146943 4.412850
0.148177 4.427877
0.149412 4.443540
0.150647 4.459821
0.151882 4.476704
0.153117 4.494169
0.154351 4.512199
0.155586 4.530775
0.156821 4.549879
0.158056 4.569492
0.159291 4.589596
0.160525 4.610173
0.161760 4.631203
0.162995 4.652670
0.164230 4.674555
0.165465 4.696840
0.166700 4.719508
0.167934 4.742542
0.169169 4.765926
0.170404 4.789643
0.171639 4.813676
0.172874 4.838012
0.174108 4.862633
0.175343 4.887526
0.176578 4.912676
0.177813 4.938070
0.179048 4.963694
0.180282 4.989535
0.181517 5.015582
0.182752 5.041821
0.183987 5.068242
0.185222 5.094834
0.186456 5.121587
0.187691 5.148489
0.188926 5.175532
0.190161 5.202707
0.191396 5.230005
0.192631 5.257417
0.193865 5.284936
0.195100 5.312554
0.196335 5.340265
0.197570 5.368060
0.198805 5.395934
0.200039 5.423881
0.201274 5.419069
0.202509 5.398809
0.203744 5.378707
0.204979 5.358775
0.206213 5.339022
0.207448 5.319456
0.208683 5.300087
0.209918 5.280924
0.211153 5.261975
0.212388 5.243249
0.213622 5.224754
0.214857 5.206497
0.216092 5.188486
0.217327 5.170727
0.218561 5.153228
0.219796 5.135995
0.221031 5.119033
0.222266 5.102347
0.223501 5.085944
0.224736 5.069826
0.225970 5.053999
0.227205 5.038465
0.228440 5.023227
0.229675 5.008287
0.230910 4.993647
0.232145 4.979309
0.233379 4.965272
0.234614 4.951537
0.235849 4.938103
0.237084 4.924969
0.238318 4.912132
0.239553 4.899590
0.240788 4.887340
0.242023 4.875378
0.243258 4.863700
0.244493 4.852301
0.245727 4.841176
0.246962 4.830318

0.246962 4.830318
0.248197 4.830270
0.249432 4.830126
0.250667 4.829885
0.251901 4.829547
0.253136 4.829109
0.254371 4.828572
0.255606 4.827932
0.256841 4.827189
0.258076 4.826338
0.259310 4.825378
0.260545 4.824306
0.261780 4.823118
0.263015 4.821812
0.264250 4.820382
0.265484 4.818826
0.266719 4.817139
0.267954 4.815317
0.269189 4.813356
0.270424 4.811252
0.271658 4.809000
0.272893 4.806595
0.274128 4.804033
0.275363 4.801310
0.276598 4.798421
0.277832 4.795362
0.279067 4.792129
0.280302 4.788717
0.281537 4.785123
0.282772 4.781342
0.284006 4.777372
0.285241 4.773209
0.286476 4.768851
0.287711 4.764294
0.288946 4.759536
0.290181 4.754575
0.291415 4.749411
0.292650 4.744041
0.293885 4.738466
0.295120 4.732684
0.296355 4.726697
0.297589 4.720505
0.298824 4.714109
0.300059 4.707512
0.301294 4.700715
0.302529 4.693722
0.303764 4.686537
0.304998 4.679164
0.306233 4.671607
0.307468 4.663873
0.308703 4.655966
0.309938 4.647895
0.311172 4.639665
0.312407 4.631286
0.313642 4.622766
0.314877 4.614114
0.316112 4.605339
0.317346 4.596453
0.318581 4.587467
0.319816 4.578391
0.321051 4.569238
0.322286 4.560022
0.323520 4.550754
0.324755 4.541448
0.325990 4.532120
0.327225 4.522783
0.328460 4.513453
0.329695 4.504144
0.330929 4.494873
0.332164 4.485655
0.333399 4.476507
0.334634 4.467446
0.335869 4.458487
0.337103 4.449648
0.338338 4.440946
0.339573 4.432397
0.340808 4.424018
0.342043 4.415826
0.343278 4.407838
0.344512 4.400070
0.345747 4.392539
0.346982 4.385260
0.348217 4.378249
0.349452 4.371521
0.350686 4.365091
0.351921 4.358973
0.353156 4.353180
0.354391 4.347727
0.355626 4.342625
0.356860 4.337886
0.358095 4.333520
0.359330 4.329539
0.360565 4.325951
0.361800 4.322765
0.363034 4.319988
0.364269 4.317627
0.365504 4.315688
0.366739 4.314174
0.367974 4.313091
0.369208 4.312440
0.370443 4.312222

0.370443 4.312222
0.372582 4.313068
0.374721 4.315596
0.376860 4.319778
0.378998 4.325571
0.381137 4.332913
0.383276 4.341729
0.385415 4.351934
0.387553 4.363430
0.389692 4.376114
0.391831 4.389878
0.393970 4.404615
0.396108 4.420215
0.398247 4.436576
0.400386 4.453600
0.402525 4.471198
0.404663 4.489290
0.406802 4.507810
0.408941 4.526699
0.411080 4.545916
0.413218 4.565428
0.415357 4.585218
0.417496 4.605277
0.419635 4.625607
0.421773 4.646222
0.423912 4.667138
0.426051 4.688382
0.428190 4.709980
0.430328 4.731963
0.432467 4.754359
0.434606 4.777196
0.436745 4.800496
0.438883 4.824278
0.441022 4.848552
0.443161 4.873321
0.445300 4.898580
0.447439 4.924314
0.449577 4.950499
0.451716 4.977104
0.453855 5.004086
0.455993 5.031396
0.458132 5.058979
0.460271 5.086771
0.462410 5.114707
0.464548 5.142715
0.466687 5.170722
0.468826 5.198654
0.470965 5.226436
0.473104 5.253996
0.475242 5.281261
0.477381 5.308163
0.479520 5.334636
0.481659 5.360617
0.483797 5.386048
0.485936 5.410873
0.488075 5.435042
0.490214 5.458506
0.492352 5.481220
0.494491 5.503142
0.496630 5.524231
0.498769 5.544449
0.500907 5.563759
0.503046 5.582122
0.505185 5.599504
0.507324 5.615867
0.509462 5.631177
0.511601 5.645399
0.513740 5.658497
0.515879 5.670440
0.518017 5.681196
0.520156 5.690736
0.522295 5.699036
0.524434 5.706076
0.526572 5.711841
0.528711 5.716324
0.530850 5.719525
0.532989 5.721456
0.535127 5.722137
0.537266 5.721598
0.539405 5.719885
0.541544 5.717053
0.543682 5.713173
0.545821 5.708326
0.547960 5.702610
0.550099 5.696130
0.552238 5.689007
0.554376 5.681371
0.556515 5.673359
0.558654 5.665117
0.560793 5.656794
0.562931 5.648543
0.565070 5.640516
0.567209 5.632860
0.569348 5.625720
0.571486 5.619230
0.573625 5.613512
0.575764 5.608675
0.577903 5.604814
0.580041 5.602001
0.582180 5.600291
0.584319 5.599717


0.000000 5.599717
0.001235 5.599685
0.002470 5.599588
0.003704 5.599425
0.004939 5.599194
0.006174 5.598892
0.007409 5.598517
0.008644 5.598065
0.009879 5.597530
0.011113 5.596908
0.012348 5.596193
0.013583 5.595377
0.014818 5.594455
0.016053 5.593417
0.017287 5.592257
0.018522 5.590964
0.019757 5.589530
0.020992 5.587946
0.022227 5.586201
0.023461 5.584284
0.024696 5.582185
0.025931 5.579892
0.027166 5.577396
0.028401 5.574683
0.029635 5.571742
0.030870 5.568562
0.032105 5.565130
0.033340 5.561435
0.034575 5.557464
0.035810 5.553207
0.037044 5.548650
0.038279 5.543783
0.039514 5.538593
0.040749 5.533070
0.041984 5.527202
0.043218 5.520979
0.044453 5.514391
0.045688 5.507426
0.046923 5.500076
0.048158 5.492332
0.049392 5.484183
0.050627 5.475623
0.051862 5.466643
0.053097 5.457236
0.054332 5.447395
0.055566 5.437114
0.056801 5.426387
0.058036 5.415210
0.059271 5.403578
0.060506 5.391487
0.061740 5.378935
0.062975 5.365918
0.064210 5.352436
0.065445 5.338488
0.066680 5.324072
0.067915 5.309190
0.069149 5.293843
0.070384 5.278031
0.071619 5.261759
0.072854 5.245028
0.074089 5.227842
0.075324 5.210206
0.076558 5.192126
0.077793 5.173606
0.079028 5.154652
0.080263 5.135273
0.081498 5.115474
0.082732 5.095265
0.083967 5.135423
0.085202 5.186770
0.086437 5.237567
0.087672 5.287835
0.088906 5.337593
0.090141 5.386864
0.091376 5.435669
0.092611 5.484029
0.093846 5.531967
0.095080 5.579505
0.096315 5.626665
0.097550 5.673469
0.098785 5.719940
0.100020 5.766100
0.101254 5.811971
0.102489 5.857575
0.103724 5.902934
0.104959 5.948070
0.106194 5.993003
0.107429 6.037755
0.108663 6.082346
0.109898 6.126795
0.111133 6.171123
0.112368 6.215349
0.113603 6.259489
0.114837 6.303563
0.116072 6.347587
0.117307 6.391578
0.118542 6.435550
0.119777 6.458839
0.121011 6.458221
0.122246 6.457848
0.123481 6.457723

0.123481 6.457723
0.124716 6.457229
0.125951 6.455749
0.127186 6.453290
0.128420 6.449863
0.129655 6.445482
0.130890 6.440167
0.132125 6.433938
0.133360 6.426822
0.134594 6.418845
0.135829 6.410036
0.137064 6.400427
0.138299 6.390049
0.139534 6.378936
0.140768 6.367120
0.142003 6.354634
0.143238 6.341511
0.144473 6.327783
0.145708 6.313482
0.146943 6.298639
0.148177 6.283283
0.149412 6.267444
0.150647 6.251149
0.151882 6.234424
0.153117 6.217295
0.154351 6.199786
0.155586 6.181921
0.156821 6.163722
0.158056 6.145209
0.159291 6.126403
0.160525 6.107324
0.161760 6.087990
0.162995 6.068418
0.164230 6.048626
0.165465 6.028629
0.166700 6.008444
0.167934 5.988086
0.169169 5.967569
0.170404 5.946907
0.171639 5.926114
0.172874 5.905204
0.174108 5.884188
0.175343 5.863081
0.176578 5.841894
0.177813 5.820640
0.179048 5.799329
0.180282 5.777976
0.181517 5.756590
0.182752 5.735183
0.183987 5.713767
0.185222 5.692352
0.186456 5.670951
0.187691 5.649573
0.188926 5.628231
0.190161 5.606934
0.191396 5.585693
0.192631 5.564520
0.193865 5.543424
0.195100 5.522417
0.196335 5.501509
0.197570 5.480709
0.198805 5.460030
0.200039 5.439480
0.201274 5.451895
0.202509 5.479970
0.203744 5.508100
0.204979 5.536281
0.206213 5.564508
0.207448 5.592775
0.208683 5.621079
0.209918 5.649415
0.211153 5.677777
0.212388 5.706164
0.213622 5.734568
0.214857 5.762988
0.216092 5.791419
0.217327 5.819855
0.218561 5.848295
0.219796 5.876732
0.221031 5.905164
0.222266 5.933585
0.223501 5.961992
0.224736 5.990380
0.225970 6.018744
0.227205 6.047080
0.228440 6.075383
0.229675 6.103649
0.230910 6.131871
0.232145 6.160046
0.233379 6.188167
0.234614 6.216228
0.235849 6.244225
0.237084 6.272152
0.238318 6.300002
0.239553 6.327768
0.240788 6.355446
0.242023 6.383027
0.243258 6.410505
0.244493 6.437874
0.245727 6.465126
0.246962 6.492254

0.246962 6.492254
0.248197 6.491748
0.249432 6.490229
0.250667 6.487699
0.251901 6.484161
0.253136 6.479619
0.254371 6.474079
0.255606 6.467547
0.256841 6.460029
0.258076 6.451535
0.259310 6.442074
0.260545 6.431657
0.261780 6.420293
0.263015 6.407997
0.264250 6.394780
0.265484 6.380657
0.266719 6.365642
0.267954 6.349751
0.269189 6.332999
0.270424 6.315404
0.271658 6.296983
0.272893 6.277752
0.274128 6.257732
0.275363 6.236940
0.276598 6.215397
0.277832 6.193121
0.279067 6.170134
0.280302 6.146456
0.281537 6.122108
0.282772 6.097111
0.284006 6.071488
0.285241 6.045259
0.286476 6.018449
0.287711 5.991079
0.288946 5.963173
0.290181 5.934753
0.291415 5.905843
0.292650 5.876467
0.293885 5.846649
0.295120 5.816413
0.296355 5.785783
0.297589 5.754784
0.298824 5.723441
0.300059 5.691778
0.301294 5.659822
0.302529 5.627597
0.303764 5.595130
0.304998 5.562446
0.306233 5.529572
0.307468 5.496534
0.308703 5.463359
0.309938 5.430074
0.311172 5.396707
0.312407 5.363285
0.313642 5.329836
0.314877 5.296390
0.316112 5.262973
0.317346 5.229617
0.318581 5.196350
0.319816 5.163202
0.321051 5.130204
0.322286 5.097387
0.323520 5.064782
0.324755 5.032420
0.325990 5.000334
0.327225 4.968557
0.328460 4.937122
0.329695 4.906061
0.330929 4.875410
0.332164 4.845201
0.333399 4.815471
0.334634 4.786253
0.335869 4.757582
0.337103 4.729495
0.338338 4.702027
0.339573 4.675213
0.340808 4.649090
0.342043 4.623691
0.343278 4.599054
0.344512 4.575213
0.345747 4.552204
0.346982 4.530060
0.348217 4.508815
0.349452 4.488503
0.350686 4.469156
0.351921 4.450805
0.353156 4.433481
0.354391 4.417214
0.355626 4.402030
0.356860 4.387957
0.358095 4.375019
0.359330 4.363240
0.360565 4.352641
0.361800 4.343242
0.363034 4.335059
0.364269 4.328109
0.365504 4.322405
0.366739 4.317956
0.367974 4.314773
0.369208 4.312860
0.370443 4.312222

0.370443 4.312222
0.372582 4.313068
0.374721 4.315596
0.376860 4.319778
0.378998 4.325571
0.381137 4.332913
0.383276 4.341729
0.385415 4.351934
0.387553 4.363430
0.389692 4.376114
0.391831 4.389878
0.393970 4.404615
0.396108 4.420215
0.398247 4.436576
0.400386 4.453600
0.402525 4.471198
0.404663 4.489290
0.406802 4.507810
0.408941 4.526699
0.411080 4.545916
0.413218 4.565428
0.415357 4.585218
0.417496 4.605277
0.419635 4.625607
0.421773 4.646222
0.423912 4.667138
0.426051 4.688382
0.428190 4.709980
0.430328 4.731963
0.432467 4.754359
0.434606 4.777196
0.436745 4.800496
0.438883 4.824278
0.441022 4.848552
0.443161 4.873321
0.445300 4.898580
0.447439 4.924314
0.449577 4.950499
0.451716 4.977104
0.453855 5.004086
0.455993 5.031396
0.458132 5.058979
0.460271 5.086771
0.462410 5.114707
0.464548 5.142715
0.466687 5.170722
0.468826 5.198654
0.470965 5.226436
0.473104 5.253996
0.475242 5.281261
0.477381 5.308163
0.479520 5.334636
0.481659 5.360617
0.483797 5.386048
0.485936 5.410873
0.488075 5.435042
0.490214 5.458506
0.492352 5.481220
0.494491 5.503142
0.496630 5.524231
0.498769 5.544449
0.500907 5.563759
0.503046 5.582122
0.505185 5.599504
0.507324 5.615867
0.509462 5.631177
0.511601 5.645399
0.513740 5.658497
0.515879 5.670440
0.518017 5.681196
0.520156 5.690736
0.522295 5.699036
0.524434 5.706076
0.526572 5.711841
0.528711 5.716324
0.530850 5.719525
0.532989 5.721456
0.535127 5.722137
0.537266 5.721598
0.539405 5.719885
0.541544 5.717053
0.543682 5.713173
0.545821 5.708326
0.547960 5.702610
0.550099 5.696130
0.552238 5.689007
0.554376 5.681371
0.556515 5.673359
0.558654 5.665117
0.560793 5.656794
0.562931 5.648543
0.565070 5.640516
0.567209 5.632860
0.569348 5.625720
0.571486 5.619230
0.573625 5.613512
0.575764 5.608675
0.577903 5.604814
0.580041 5.602001
0.582180 5.600291
0.584319 5.599717


0.000000 5.599717
0.001235 5.600241
0.002470 5.601813
0.003704 5.604430
0.004939 5.608087
0.006174 5.612776
0.007409 5.618491
0.008644 5.625220
0.009879 5.632951
0.011113 5.641670
0.012348 5.651361
0.013583 5.662009
0.014818 5.673593
0.016053 5.686093
0.017287 5.699489
0.018522 5.713757
0.019757 5.728874
0.020992 5.744814
0.022227 5.761551
0.023461 5.779058
0.024696 5.797308
0.025931 5.816272
0.027166 5.835921
0.028401 5.856225
0.029635 5.877155
0.030870 5.898679
0.032105 5.920768
0.033340 5.943391
0.034575 5.966516
0.035810 5.990114
0.037044 6.014154
0.038279 6.038605
0.039514 6.063437
0.040749 6.084653
0.041984 6.105592
0.043218 6.126296
0.044453 6.146720
0.045688 6.166823
0.046923 6.186563
0.048158 6.205903
0.049392 6.224806
0.050627 6.243239
0.051862 6.261170
0.053097 6.278570
0.054332 6.295412
0.055566 6.311671
0.056801 6.327325
0.058036 6.342356
0.059271 6.356745
0.060506 6.370479
0.061740 6.383545
0.062975 6.395933
0.064210 6.407636
0.065445 6.418650
0.066680 6.428971
0.067915 6.438599
0.069149 6.447537
0.070384 6.455789
0.071619 6.463361
0.072854 6.470263
0.074089 6.476504
0.075324 6.482098
0.076558 6.487060
0.077793 6.491405
0.079028 6.495152
0.080263 6.498322
0.081498 6.500936
0.082732 6.503016
0.083967 6.504588
0.085202 6.505676
0.086437 6.506308
0.087672 6.506512
0.088906 6.506316
0.090141 6.505751
0.091376 6.504845
0.092611 6.503631
0.093846 6.502138
0.095080 6.500400
0.096315 6.498446
0.097550 6.496310
0.098785 6.494021
0.100020 6.491612
0.101254 6.489113
0.102489 6.486554
0.103724 6.483965
0.104959 6.481373
0.106194 6.478808
0.107429 6.476294
0.108663 6.473858
0.109898 6.471523
0.111133 6.469313
0.112368 6.467246
0.113603 6.465344
0.114837 6.463624
0.116072 6.462100
0.117307 6.460788
0.118542 6.459697
0.119777 6.458839
0.121011 6.458221
0.122246 6.457848
0.123481 6.457723

0.123481 6.457723
0.124716 6.457229
0.125951 6.455749
0.127186 6.453290
0.128420 6.449863
0.129655 6.445482
0.130890 6.440167
0.132125 6.433938
0.133360 6.426822
0.134594 6.418845
0.135829 6.410036
0.137064 6.400427
0.138299 6.390049
0.139534 6.378936
0.140768 6.367120
0.142003 6.354634
0.143238 6.341511
0.144473 6.327783
0.145708 6.313482
0.146943 6.298639
0.148177 6.283283
0.149412 6.267444
0.150647 6.251149
0.151882 6.234424
0.153117 6.217295
0.154351 6.199786
0.155586 6.181921
0.156821 6.163722
0.158056 6.145209
0.159291 6.126403
0.160525 6.107324
0.161760 6.087990
0.162995 6.068418
0.164230 6.048626
0.165465 6.028629
0.166700 6.008444
0.167934 5.988086
0.169169 5.967569
0.170404 5.946907
0.171639 5.926114
0.172874 5.905204
0.174108 5.884188
0.175343 5.863081
0.176578 5.841894
0.177813 5.820640
0.179048 5.799329
0.180282 5.777976
0.181517 5.756590
0.182752 5.735183
0.183987 5.713767
0.185222 5.692352
0.186456 5.670951
0.187691 5.649573
0.188926 5.628231
0.190161 5.606934
0.191396 5.585693
0.192631 5.564520
0.193865 5.543424
0.195100 5.522417
0.196335 5.501509
0.197570 5.480709
0.198805 5.460030
0.200039 5.439480
0.201274 5.451895
0.202509 5.479970
0.203744 5.508100
0.204979 5.536281
0.206213 5.564508
0.207448 5.592775
0.208683 5.621079
0.209918 5.649415
0.211153 5.677777
0.212388 5.706164
0.213622 5.734568
0.214857 5.762988
0.216092 5.791419
0.217327 5.819855
0.218561 5.848295
0.219796 5.876732
0.221031 5.905164
0.222266 5.933585
0.223501 5.961992
0.224736 5.990380
0.225970 6.018744
0.227205 6.047080
0.228440 6.075383
0.229675 6.103649
0.230910 6.131871
0.232145 6.160046
0.233379 6.188167
0.234614 6.216228
0.235849 6.244225
0.237084 6.272152
0.238318 6.300002
0.239553 6.327768
0.240788 6.355446
0.242023 6.383027
0.243258 6.410505
0.244493 6.437874
0.245727 6.465126
0.246962 6.492254

0.246962 6.492254
0.248197 6.491748
0.249432 6.490229
0.250667 6.487699
0.251901 6.484161
0.253136 6.479619
0.254371 6.474079
0.255606 6.467547
0.256841 6.460029
0.258076 6.451535
0.259310 6.442074
0.260545 6.431657
0.261780 6.420293
0.263015 6.407997
0.264250 6.394780
0.265484 6.380657
0.266719 6.365642
0.267954 6.349751
0.269189 6.332999
0.270424 6.315404
0.271658 6.296983
0.272893 6.277752
0.274128 6.257732
0.275363 6.236940
0.276598 6.215397
0.277832 6.193121
0.279067 6.170134
0.280302 6.146456
0.281537 6.122108
0.282772 6.097111
0.284006 6.071488
0.285241 6.045259
0.286476 6.018449
0.287711 5.991079
0.288946 5.963173
0.290181 5.934753
0.291415 5.905843
0.292650 5.876467
0.293885 5.846649
0.295120 5.816413
0.296355 5.785783
0.297589 5.754784
0.298824 5.723441
0.300059 5.691778
0.301294 5.659822
0.302529 5.627597
0.303764 5.595130
0.304998 5.562446
0.306233 5.529572
0.307468 5.496534
0.308703 5.463359
0.309938 5.430074
0.311172 5.396707
0.312407 5.363285
0.313642 5.329836
0.314877 5.296390
0.316112 5.262973
0.317346 5.229617
0.318581 5.196350
0.319816 5.163202
0.321051 5.130204
0.322286 5.097387
0.323520 5.064782
0.324755 5.032420
0.325990 5.000334
0.327225 4.968557
0.328460 4.937122
0.329695 4.906061
0.330929 4.875410
0.332164 4.845201
0.333399 4.815471
0.334634 4.786253
0.335869 4.757582
0.337103 4.729495
0.338338 4.702027
0.339573 4.675213
0.340808 4.649090
0.342043 4.623691
0.343278 4.599054
0.344512 4.575213
0.345747 4.552204
0.346982 4.530060
0.348217 4.508815
0.349452 4.488503
0.350686 4.469156
0.351921 4.450805
0.353156 4.433481
0.354391 4.417214
0.355626 4.402030
0.356860 4.387957
0.358095 4.375019
0.359330 4.363240
0.360565 4.352641
0.361800 4.343242
0.363034 4.335059
0.364269 4.328109
0.365504 4.322405
0.366739 4.317956
0.367974 4.314773
0.369208 4.312860
0.370443 4.312222

0.370443 4.312222
0.372582 4.314670
0.374721 4.321999
0.376860 4.334161
0.378998 4.351083
0.381137 4.372660
0.383276 4.398762
0.385415 4.429235
0.387553 4.463901
0.389692 4.502566
0.391831 4.545017
0.393970 4.591028
0.396108 4.640361
0.398247 4.692768
0.400386 4.747996
0.402525 4.805784
0.404663 4.865868
0.406802 4.927983
0.408941 4.991861
0.411080 5.057234
0.413218 5.123835
0.415357 5.191399
0.417496 5.259660
0.419635 5.328358
0.421773 5.397235
0.423912 5.466038
0.426051 5.534518
0.428190 5.602433
0.430328 5.669548
0.432467 5.735637
0.434606 5.800481
0.436745 5.863874
0.438883 5.925621
0.441022 5.985540
0.443161 6.043462
0.445300 6.099235
0.447439 6.152721
0.449577 6.203799
0.451716 6.252364
0.453855 6.298329
0.455993 6.341623
0.458132 6.382191
0.460271 6.419993
0.462410 6.455003
0.464548 6.487208
0.466687 6.516606
0.468826 6.543205
0.470965 6.567021
0.473104 6.588073
0.475242 6.606387
0.477381 6.621990
0.479520 6.632998
0.481659 6.527492
0.483797 6.421124
0.485936 6.313898
0.488075 6.205812
0.490214 6.096867
0.492352 5.987058
0.494491 5.876381
0.496630 5.764827
0.498769 5.652385
0.500907 5.563759
0.503046 5.582122
0.505185 5.599504
0.507324 5.615867
0.509462 5.631177
0.511601 5.645399
0.513740 5.658497
0.515879 5.670440
0.518017 5.681196
0.520156 5.690736
0.522295 5.699036
0.524434 5.706076
0.526572 5.711841
0.528711 5.716324
0.530850 5.719525
0.532989 5.721456
0.535127 5.722137
0.537266 5.721598
0.539405 5.719885
0.541544 5.717053
0.543682 5.713173
0.545821 5.708326
0.547960 5.702610
0.550099 5.696130
0.552238 5.689007
0.554376 5.681371
0.556515 5.673359
0.558654 5.665117
0.560793 5.656794
0.562931 5.648543
0.565070 5.640516
0.567209 5.632860
0.569348 5.625720
0.571486 5.619230
0.573625 5.613512
0.575764 5.608675
0.577903 5.604814
0.580041 5.602001
0.582180 5.600291
0.584319 5.599717


0.000000 5.599717
0.001235 5.600241
0.002470 5.601813
0.003704 5.604430
0.004939 5.608087
0.006174 5.612776
0.007409 5.618491
0.008644 5.625220
0.009879 5.632951
0.011113 5.641670
0.012348 5.651361
0.013583 5.662009
0.014818 5.673593
0.016053 5.686093
0.017287 5.699489
0.018522 5.713757
0.019757 5.728874
0.020992 5.744814
0.022227 5.761551
0.023461 5.779058
0.024696 5.797308
0.025931 5.816272
0.027166 5.835921
0.028401 5.856225
0.029635 5.877155
0.030870 5.898679
0.032105 5.920768
0.033340 5.943391
0.034575 5.966516
0.035810 5.990114
0.037044 6.014154
0.038279 6.038605
0.039514 6.063437
0.040749 6.084653
0.041984 6.105592
0.043218 6.126296
0.044453 6.146720
0.045688 6.166823
0.046923 6.186563
0.048158 6.205903
0.049392 6.224806
0.050627 6.243239
0.051862 6.261170
0.053097 6.278570
0.054332 6.295412
0.055566 6.311671
0.056801 6.327325
0.058036 6.342356
0.059271 6.356745
0.060506 6.370479
0.061740 6.383545
0.062975 6.395933
0.064210 6.407636
0.065445 6.418650
0.066680 6.428971
0.067915 6.438599
0.069149 6.447537
0.070384 6.455789
0.071619 6.463361
0.072854 6.470263
0.074089 6.476504
0.075324 6.482098
0.076558 6.487060
0.077793 6.491405
0.079028 6.495152
0.080263 6.498322
0.081498 6.500936
0.082732 6.503016
0.083967 6.504588
0.085202 6.505676
0.086437 6.506308
0.087672 6.506512
0.088906 6.506316
0.090141 6.505751
0.091376 6.504845
0.092611 6.503631
0.093846 6.502138
0.095080 6.500400
0.096315 6.498446
0.097550 6.496310
0.098785 6.494021
0.100020 6.491612
0.101254 6.489113
0.102489 6.486554
0.103724 6.483965
0.104959 6.481373
0.106194 6.478808
0.107429 6.476294
0.108663 6.473858
0.109898 6.471523
0.111133 6.469313
0.112368 6.467246
0.113603 6.465344
0.114837 6.463624
0.116072 6.462100
0.117307 6.460788
0.118542 6.459697
0.119777 6.479518
0.121011 6.523496
0.122246 6.567498
0.123481 6.611534

0.123481 6.611534
0.124716 6.611907
0.125951 6.613024
0.127186 6.614884
0.128420 6.617484
0.129655 6.620821
0.130890 6.624890
0.132125 6.629685
0.133360 6.635200
0.134594 6.641427
0.135829 6.648357
0.137064 6.655981
0.138299 6.664290
0.139534 6.673272
0.140768 6.682915
0.142003 6.693208
0.143238 6.704137
0.144473 6.715690
0.145708 6.727852
0.146943 6.740610
0.148177 6.753948
0.149412 6.767851
0.150647 6.782305
0.151882 6.797294
0.153117 6.812802
0.154351 6.828813
0.155586 6.845312
0.156821 6.862283
0.158056 6.879710
0.159291 6.897577
0.160525 6.915868
0.161760 6.934567
0.162995 6.953660
0.164230 6.973129
0.165465 6.992961
0.166700 7.013140
0.167934 7.033650
0.169169 7.054477
0.170404 7.075607
0.171639 7.097024
0.172874 7.118715
0.174108 7.140666
0.175343 7.162862
0.176578 7.185290
0.177813 7.207936
0.179048 7.230787
0.180282 7.253829
0.181517 7.277050
0.182752 7.300436
0.183987 7.323974
0.185222 7.347652
0.186456 7.371456
0.187691 7.395374
0.188926 7.419393
0.190161 7.443500
0.191396 7.460839
0.192631 7.446766
0.193865 7.432303
0.195100 7.417449
0.196335 7.402205
0.197570 7.386571
0.198805 7.370549
0.200039 7.354140
0.201274 7.337346
0.202509 7.320170
0.203744 7.302614
0.204979 7.284682
0.206213 7.266376
0.207448 7.247701
0.208683 7.228661
0.209918 7.209261
0.211153 7.189505
0.212388 7.169399
0.213622 7.148948
0.214857 7.128158
0.216092 7.107035
0.217327 7.085585
0.218561 7.063815
0.219796 7.041731
0.221031 7.019342
0.222266 6.996653
0.223501 6.973673
0.224736 6.950409
0.225970 6.926869
0.227205 6.903060
0.228440 6.878991
0.229675 6.854669
0.230910 6.830103
0.232145 6.805301
0.233379 6.780271
0.234614 6.755021
0.235849 6.729561
0.237084 6.703897
0.238318 6.678038
0.239553 6.651993
0.240788 6.625770
0.242023 6.599376
0.243258 6.572819
0.244493 6.546108
0.245727 6.519251
0.246962 6.492254

0.246962 6.492254
0.248197 6.491748
0.249432 6.490229
0.250667 6.487699
0.251901 6.484161
0.253136 6.479619
0.254371 6.474079
0.255606 6.467547
0.256841 6.460029
0.258076 6.451535
0.259310 6.442074
0.260545 6.431657
0.261780 6.420293
0.263015 6.407997
0.264250 6.394780
0.265484 6.380657
0.266719 6.365642
0.267954 6.349751
0.269189 6.332999
0.270424 6.315404
0.271658 6.296983
0.272893 6.277752
0.274128 6.257732
0.275363 6.236940
0.276598 6.215397
0.277832 6.193121
0.279067 6.170134
0.280302 6.146456
0.281537 6.122108
0.282772 6.097111
0.284006 6.071488
0.285241 6.045259
0.286476 6.018449
0.287711 5.991079
0.288946 5.963173
0.290181 5.934753
0.291415 5.905843
0.292650 5.876467
0.293885 5.846649
0.295120 5.816413
0.296355 5.785783
0.297589 5.754784
0.298824 5.723441
0.300059 5.691778
0.301294 5.659822
0.302529 5.627597
0.303764 5.595130
0.304998 5.562446
0.306233 5.529572
0.307468 5.496534
0.308703 5.463359
0.309938 5.430074
0.311172 5.396707
0.312407 5.363285
0.313642 5.329836
0.314877 5.296390
0.316112 5.262973
0.317346 5.229617
0.318581 5.196350
0.319816 5.163202
0.321051 5.130204
0.322286 5.097387
0.323520 5.064782
0.324755 5.032420
0.325990 5.000334
0.327225 4.968557
0.328460 4.937122
0.329695 4.906061
0.330929 4.875410
0.332164 4.845201
0.333399 4.815471
0.334634 4.786253
0.335869 4.757582
0.337103 4.729495
0.338338 4.702027
0.339573 4.675213
0.340808 4.649090
0.342043 4.623691
0.343278 4.599054
0.344512 4.575213
0.345747 4.552204
0.346982 4.530060
0.348217 4.508815
0.349452 4.488503
0.350686 4.469156
0.351921 4.450805
0.353156 4.433481
0.354391 4.417214
0.355626 4.402030
0.356860 4.387957
0.358095 4.375019
0.359330 4.363240
0.360565 4.352641
0.361800 4.343242
0.363034 4.335059
0.364269 4.328109
0.365504 4.322405
0.366739 4.317956
0.367974 4.314773
0.369208 4.312860
0.370443 4.312222

0.370443 4.312222
0.372582 4.314670
0.374721 4.321999
0.376860 4.334161
0.378998 4.351083
0.381137 4.372660
0.383276 4.398762
0.385415 4.429235
0.387553 4.463901
0.389692 4.502566
0.391831 4.545017
0.393970 4.591028
0.396108 4.640361
0.398247 4.692768
0.400386 4.747996
0.402525 4.805784
0.404663 4.865868
0.406802 4.927983
0.408941 4.991861
0.411080 5.057234
0.413218 5.123835
0.415357 5.191399
0.417496 5.259660
0.419635 5.328358
0.421773 5.397235
0.423912 5.466038
0.426051 5.534518
0.428190 5.602433
0.430328 5.669548
0.432467 5.735637
0.434606 5.800481
0.436745 5.863874
0.438883 5.925621
0.441022 5.985540
0.443161 6.043462
0.445300 6.099235
0.447439 6.152721
0.449577 6.203799
0.451716 6.252364
0.453855 6.298329
0.455993 6.341623
0.458132 6.382191
0.460271 6.419993
0.462410 6.455003
0.464548 6.487208
0.466687 6.516606
0.468826 6.543205
0.470965 6.567021
0.473104 6.588073
0.475242 6.606387
0.477381 6.621990
0.479520 6.634913
0.481659 6.645184
0.483797 6.652833
0.485936 6.657890
0.488075 6.660386
0.490214 6.660355
0.492352 6.657830
0.494491 6.652852
0.496630 6.645466
0.498769 6.635726
0.500907 6.623690
0.503046 6.609429
0.505185 6.593020
0.507324 6.574548
0.509462 6.554107
0.511601 6.531797
0.513740 6.507722
0.515879 6.481991
0.518017 6.454715
0.520156 6.426006
0.522295 6.395978
0.524434 6.364747
0.526572 6.332427
0.528711 6.299136
0.530850 6.264991
0.532989 6.230115
0.535127 6.194633
0.537266 6.158676
0.539405 6.122382
0.541544 6.085895
0.543682 6.049368
0.545821 6.012965
0.547960 5.976858
0.550099 5.941228
0.552238 5.906267
0.554376 5.872175
0.556515 5.839158
0.558654 5.807429
0.560793 5.777203
0.562931 5.748695
0.565070 5.722121
0.567209 5.697688
0.569348 5.675595
0.571486 5.656029
0.573625 5.639161
0.575764 5.625141
0.577903 5.614098
0.580041 5.606134
0.582180 5.601325
0.584319 5.599717


0.000000 5.599717
0.001235 5.600317
0.002470 5.602114
0.003704 5.605101
0.004939 5.609270
0.006174 5.614605
0.007409 5.621088
0.008644 5.628697
0.009879 5.637406
0.011113 5.647185
0.012348 5.658002
0.013583 5.669821
0.014818 5.682602
0.016053 5.696305
0.017287 5.710883
0.018522 5.726292
0.019757 5.742482
0.020992 5.759401
0.022227 5.776999
0.023461 5.795221
0.024696 5.814013
0.025931 5.833319
0.027166 5.853082
0.028401 5.873247
0.029635 5.893756
0.030870 5.914553
0.032105 5.935582
0.033340 5.956785
0.034575 5.978108
0.035810 5.999497
0.037044 6.020897
0.038279 6.042257
0.039514 6.063526
0.040749 6.088620
0.041984 6.114126
0.043218 6.139925
0.044453 6.165989
0.045688 6.192291
0.046923 6.218803
0.048158 6.245499
0.049392 6.272353
0.050627 6.299341
0.051862 6.326438
0.053097 6.353623
0.054332 6.380871
0.055566 6.408163
0.056801 6.435478
0.058036 6.462797
0.059271 6.490101
0.060506 6.517373
0.061740 6.544597
0.062975 6.571758
0.064210 6.598841
0.065445 6.625833
0.066680 6.652722
0.067915 6.679498
0.069149 6.706150
0.070384 6.732669
0.071619 6.759047
0.072854 6.785278
0.074089 6.811356
0.075324 6.837275
0.076558 6.863032
0.077793 6.888624
0.079028 6.914049
0.080263 6.939306
0.081498 6.964394
0.082732 6.989316
0.083967 7.014071
0.085202 7.038663
0.086437 7.063095
0.087672 7.087370
0.088906 7.111494
0.090141 7.135473
0.091376 7.159311
0.092611 7.183017
0.093846 7.206596
0.095080 7.230058
0.096315 7.253411
0.097550 7.276663
0.098785 7.299825
0.100020 7.322905
0.101254 7.345915
0.102489 7.368864
0.103724 7.326905
0.104959 7.281477
0.106194 7.236140
0.107429 7.190900
0.108663 7.145760
0.109898 7.100720
0.111133 7.055783
0.112368 7.010948
0.113603 6.966215
0.114837 6.921581
0.116072 6.877043
0.117307 6.832597
0.118542 6.788238
0.119777 6.743960
0.121011 6.699756
0.122246 6.655617
0.123481 6.611534

0.123481 6.611534
0.124716 6.611907
0.125951 6.613024
0.127186 6.614884
0.128420 6.617484
0.129655 6.620821
0.130890 6.624890
0.132125 6.629685
0.133360 6.635200
0.134594 6.641427
0.135829 6.648357
0.137064 6.655981
0.138299 6.664290
0.139534 6.673272
0.140768 6.682915
0.142003 6.693208
0.143238 6.704137
0.144473 6.715690
0.145708 6.727852
0.146943 6.740610
0.148177 6.753948
0.149412 6.767851
0.150647 6.782305
0.151882 6.797294
0.153117 6.812802
0.154351 6.828813
0.155586 6.845312
0.156821 6.862283
0.158056 6.879710
0.159291 6.897577
0.160525 6.915868
0.161760 6.934567
0.162995 6.953660
0.164230 6.973129
0.165465 6.992961
0.166700 7.013140
0.167934 7.033650
0.169169 7.054477
0.170404 7.075607
0.171639 7.097024
0.172874 7.118715
0.174108 7.140666
0.175343 7.162862
0.176578 7.185290
0.177813 7.207936
0.179048 7.230787
0.180282 7.253829
0.181517 7.277050
0.182752 7.300436
0.183987 7.323974
0.185222 7.347652
0.186456 7.371456
0.187691 7.395374
0.188926 7.419393
0.190161 7.443500
0.191396 7.460839
0.192631 7.446766
0.193865 7.432303
0.195100 7.417449
0.196335 7.402205
0.197570 7.386571
0.198805 7.370549
0.200039 7.354140
0.201274 7.337346
0.202509 7.320170
0.203744 7.302614
0.204979 7.284682
0.206213 7.266376
0.207448 7.247701
0.208683 7.228661
0.209918 7.209261
0.211153 7.189505
0.212388 7.169399
0.213622 7.148948
0.214857 7.128158
0.216092 7.107035
0.217327 7.085585
0.218561 7.063815
0.219796 7.041731
0.221031 7.019342
0.222266 6.996653
0.223501 6.973673
0.224736 6.950409
0.225970 6.926869
0.227205 6.903060
0.228440 6.878991
0.229675 6.854669
0.230910 6.830103
0.232145 6.805301
0.233379 6.780271
0.234614 6.755021
0.235849 6.729561
0.237084 6.703897
0.238318 6.678038
0.239553 6.651993
0.240788 6.625770
0.242023 6.599376
0.243258 6.572819
0.244493 6.546108
0.245727 6.519251
0.246962 6.492254

0.246962 6.492254
0.248197 6.491748
0.249432 6.490229
0.250667 6.487699
0.251901 6.484161
0.253136 6.479619
0.254371 6.474079
0.255606 6.467547
0.256841 6.460029
0.258076 6.451535
0.259310 6.442074
0.260545 6.431657
0.261780 6.420293
0.263015 6.407997
0.264250 6.394780
0.265484 6.380657
0.266719 6.365642
0.267954 6.349751
0.269189 6.332999
0.270424 6.315404
0.271658 6.296983
0.272893 6.277752
0.274128 6.257732
0.275363 6.236940
0.276598 6.215397
0.277832 6.193121
0.279067 6.170134
0.280302 6.146456
0.281537 6.122108
0.282772 6.097111
0.284006 6.071488
0.285241 6.045259
0.286476 6.018449
0.287711 5.991079
0.288946 5.963173
0.290181 5.934753
0.291415 5.905843
0.292650 5.876467
0.293885 5.846649
0.295120 5.816413
0.296355 5.785783
0.297589 5.754784
0.298824 5.723441
0.300059 5.691778
0.301294 5.659822
0.302529 5.627597
0.303764 5.595130
0.304998 5.562446
0.306233 5.529572
0.307468 5.496534
0.308703 5.463359
0.309938 5.430074
0.311172 5.396707
0.312407 5.363285
0.313642 5.329836
0.314877 5.296390
0.316112 5.262973
0.317346 5.229617
0.318581 5.196350
0.319816 5.163202
0.321051 5.130204
0.322286 5.097387
0.323520 5.064782
0.324755 5.032420
0.325990 5.000334
0.327225 4.968557
0.328460 4.937122
0.329695 4.906061
0.330929 4.875410
0.332164 4.845201
0.333399 4.815471
0.334634 4.786253
0.335869 4.757582
0.337103 4.729495
0.338338 4.702027
0.339573 4.675213
0.340808 4.649090
0.342043 4.623691
0.343278 4.599054
0.344512 4.575213
0.345747 4.552204
0.346982 4.530060
0.348217 4.508815
0.349452 4.488503
0.350686 4.469156
0.351921 4.450805
0.353156 4.433481
0.354391 4.417214
0.355626 4.402030
0.356860 4.387957
0.358095 4.375019
0.359330 4.363240
0.360565 4.352641
0.361800 4.343242
0.363034 4.335059
0.364269 4.328109
0.365504 4.322405
0.366739 4.317956
0.367974 4.314773
0.369208 4.312860
0.370443 4.312222

0.370443 4.312222
0.372582 4.314670
0.374721 4.321999
0.376860 4.334161
0.378998 4.351083
0.381137 4.372660
0.383276 4.398762
0.385415 4.429235
0.387553 4.463901
0.389692 4.502566
0.391831 4.545017
0.393970 4.591028
0.396108 4.640361
0.398247 4.692768
0.400386 4.747996
0.402525 4.805784
0.404663 4.865868
0.406802 4.927983
0.408941 4.991861
0.411080 5.057234
0.413218 5.123835
0.415357 5.191399
0.417496 5.259660
0.419635 5.328358
0.421773 5.397235
0.423912 5.466038
0.426051 5.534518
0.428190 5.602433
0.430328 5.669548
0.432467 5.735637
0.434606 5.800481
0.436745 5.863874
0.438883 5.925621
0.441022 5.985540
0.443161 6.043462
0.445300 6.099235
0.447439 6.152721
0.449577 6.203799
0.451716 6.252364
0.453855 6.298329
0.455993 6.341623
0.458132 6.382191
0.460271 6.419993
0.462410 6.455003
0.464548 6.487208
0.466687 6.516606
0.468826 6.543205
0.470965 6.567021
0.473104 6.588073
0.475242 6.606387
0.477381 6.621990
0.479520 6.634913
0.481659 6.645184
0.483797 6.652833
0.485936 6.657890
0.488075 6.660386
0.490214 6.660355
0.492352 6.657830
0.494491 6.652852
0.496630 6.645466
0.498769 6.635726
0.500907 6.623690
0.503046 6.609429
0.505185 6.593020
0.507324 6.574548
0.509462 6.554107
0.511601 6.531797
0.513740 6.507722
0.515879 6.481991
0.518017 6.454715
0.520156 6.426006
0.522295 6.395978
0.524434 6.364747
0.526572 6.332427
0.528711 6.299136
0.530850 6.264991
0.532989 6.230115
0.535127 6.194633
0.537266 6.158676
0.539405 6.122382
0.541544 6.085895
0.543682 6.049368
0.545821 6.012965
0.547960 5.976858
0.550099 5.941228
0.552238 5.906267
0.554376 5.872175
0.556515 5.839158
0.558654 5.807429
0.560793 5.777203
0.562931 5.748695
0.565070 5.722121
0.567209 5.697688
0.569348 5.675595
0.571486 5.656029
0.573625 5.639161
0.575764 5.625141
0.577903 5.614098
0.580041 5.606134
0.582180 5.601325
0.584319 5.599717


0.000000 5.599717
0.001235 5.600317
0.002470 5.602114
0.003704 5.605101
0.004939 5.609270
0.006174 5.614605
0.007409 5.621088
0.008644 5.628697
0.009879 5.637406
0.011113 5.647185
0.012348 5.658002
0.013583 5.669821
0.014818 5.682602
0.016053 5.696305
0.017287 5.710883
0.018522 5.726292
0.019757 5.742482
0.020992 5.759401
0.022227 5.776999
0.023461 5.795221
0.024696 5.814013
0.025931 5.833319
0.027166 5.853082
0.028401 5.873247
0.029635 5.893756
0.030870 5.914553
0.032105 5.935582
0.033340 5.956785
0.034575 5.978108
0.035810 5.999497
0.037044 6.020897
0.038279 6.042257
0.039514 6.063526
0.040749 6.088620
0.041984 6.114126
0.043218 6.139925
0.044453 6.165989
0.045688 6.192291
0.046923 6.218803
0.048158 6.245499
0.049392 6.272353
0.050627 6.299341
0.051862 6.326438
0.053097 6.353623
0.054332 6.380871
0.055566 6.408163
0.056801 6.435478
0.058036 6.462797
0.059271 6.490101
0.060506 6.517373
0.061740 6.544597
0.062975 6.571758
0.064210 6.598841
0.065445 6.625833
0.066680 6.652722
0.067915 6.679498
0.069149 6.706150
0.070384 6.732669
0.071619 6.759047
0.072854 6.785278
0.074089 6.811356
0.075324 6.837275
0.076558 6.863032
0.077793 6.888624
0.079028 6.914049
0.080263 6.939306
0.081498 6.964394
0.082732 6.989316
0.083967 7.014071
0.085202 7.038663
0.086437 7.063095
0.087672 7.087370
0.088906 7.111494
0.090141 7.135473
0.091376 7.159311
0.092611 7.183017
0.093846 7.206596
0.095080 7.230058
0.096315 7.253411
0.097550 7.276663
0.098785 7.299825
0.100020 7.322905
0.101254 7.345915
0.102489 7.368864
0.103724 7.391763
0.104959 7.414624
0.106194 7.437458
0.107429 7.460275
0.108663 7.483088
0.109898 7.505908
0.111133 7.528747
0.112368 7.551616
0.113603 7.574526
0.114837 7.597490
0.116072 7.620518
0.117307 7.643622
0.118542 7.666813
0.119777 7.690100
0.121011 7.713495
0.122246 7.737007
0.123481 7.760646

0.123481 7.760646
0.124716 7.760586
0.125951 7.760406
0.127186 7.760105
0.128420 7.759682
0.129655 7.759136
0.130890 7.758464
0.132125 7.757665
0.133360 7.756736
0.134594 7.755673
0.135829 7.754474
0.137064 7.753133
0.138299 7.751648
0.139534 7.750013
0.140768 7.748224
0.142003 7.746275
0.143238 7.744160
0.144473 7.741875
0.145708 7.739413
0.146943 7.736767
0.148177 7.733931
0.149412 7.730899
0.150647 7.727664
0.151882 7.724218
0.153117 7.720554
0.154351 7.716665
0.155586 7.712543
0.156821 7.708182
0.158056 7.703574
0.159291 7.698710
0.160525 7.693585
0.161760 7.688189
0.162995 7.682516
0.164230 7.676558
0.165465 7.670309
0.166700 7.663760
0.167934 7.656905
0.169169 7.649738
0.170404 7.642250
0.171639 7.634437
0.172874 7.626291
0.174108 7.617807
0.175343 7.608979
0.176578 7.599801
0.177813 7.590269
0.179048 7.580377
0.180282 7.570120
0.181517 7.559496
0.182752 7.548498
0.183987 7.537125
0.185222 7.525373
0.186456 7.513238
0.187691 7.500720
0.188926 7.487815
0.190161 7.474521
0.191396 7.467682
0.192631 7.491927
0.193865 7.516222
0.195100 7.540554
0.196335 7.564909
0.197570 7.589276
0.198805 7.613640
0.200039 7.637988
0.201274 7.662307
0.202509 7.686584
0.203744 7.710805
0.204979 7.734957
0.206213 7.759025
0.207448 7.782996
0.208683 7.806855
0.209918 7.830589
0.211153 7.854183
0.212388 7.877623
0.213622 7.900896
0.214857 7.923985
0.216092 7.946878
0.217327 7.969559
0.218561 7.992014
0.219796 8.014229
0.221031 8.036189
0.222266 8.057879
0.223501 8.079287
0.224736 8.100396
0.225970 8.121194
0.227205 8.141666
0.228440 8.161799
0.229675 8.181578
0.230910 8.200991
0.232145 8.220024
0.233379 8.238665
0.234614 8.256900
0.235849 8.274717
0.237084 8.292104
0.238318 8.309050
0.239553 8.325543
0.240788 8.341571
0.242023 8.357124
0.243258 8.372192
0.244493 8.386765
0.245727 8.400834
0.246962 8.414389

0.246962 8.414389
0.248197 8.414820
0.249432 8.416113
0.250667 8.418265
0.251901 8.421272
0.253136 8.425129
0.254371 8.429829
0.255606 8.435363
0.256841 8.441721
0.258076 8.448892
0.259310 8.456862
0.260545 8.465619
0.261780 8.475147
0.263015 8.485429
0.264250 8.496448
0.265484 8.508185
0.266719 8.520622
0.267954 8.533739
0.269189 8.547513
0.270424 8.561924
0.271658 8.576950
0.272893 8.592567
0.274128 8.608753
0.275363 8.625483
0.276598 8.642733
0.277832 8.660480
0.279067 8.678698
0.280302 8.697363
0.281537 8.716450
0.282772 8.735934
0.284006 8.755789
0.285241 8.775992
0.286476 8.796516
0.287711 8.817337
0.288946 8.838430
0.290181 8.859772
0.291415 8.881337
0.292650 8.903101
0.293885 8.925040
0.295120 8.947132
0.296355 8.969352
0.297589 8.991678
0.298824 9.014088
0.300059 9.036558
0.301294 9.059067
0.302529 9.081594
0.303764 9.104117
0.304998 9.126616
0.306233 9.149069
0.307468 9.171458
0.308703 9.193762
0.309938 9.215962
0.311172 9.238040
0.312407 9.259976
0.313642 9.281752
0.314877 9.303351
0.316112 9.324755
0.317346 9.345947
0.318581 9.366910
0.319816 9.387627
0.321051 9.408083
0.322286 9.428262
0.323520 9.448147
0.324755 9.467724
0.325990 9.486978
0.327225 9.505894
0.328460 9.524457
0.329695 9.542653
0.330929 9.560470
0.332164 9.577892
0.333399 9.594907
0.334634 9.611502
0.335869 9.627664
0.337103 9.643381
0.338338 9.658640
0.339573 9.673430
0.340808 9.687740
0.342043 9.701557
0.343278 9.714872
0.344512 9.727673
0.345747 9.739951
0.346982 9.751696
0.348217 9.762898
0.349452 9.773549
0.350686 9.783639
0.351921 9.793161
0.353156 9.802106
0.354391 9.810467
0.355626 9.818238
0.356860 9.825411
0.358095 9.831981
0.359330 9.837943
0.360565 9.843290
0.361800 9.848020
0.363034 9.852127
0.364269 9.855608
0.365504 9.858460
0.366739 9.860681
0.367974 9.862269
0.369208 9.863222
0.370443 9.863540

0.370443 9.863540
0.372582 9.862162
0.374721 9.858027
0.376860 9.851130
0.378998 9.841462
0.381137 9.829012
0.383276 9.813766
0.385415 9.795710
0.387553 9.774826
0.389692 9.751100
0.391831 9.724516
0.393970 9.695061
0.396108 9.662726
0.398247 9.627504
0.400386 9.589394
0.402525 9.548401
0.404663 9.504535
0.406802 9.457814
0.408941 9.408263
0.411080 9.355915
0.413218 9.300812
0.415357 9.243001
0.417496 9.182539
0.419635 9.119490
0.421773 9.053924
0.423912 8.985919
0.426051 8.915556
0.428190 8.842923
0.430328 8.768111
0.432467 8.691211
0.434606 8.612319
0.436745 8.531529
0.438883 8.448936
0.441022 8.364632
0.443161 8.278707
0.445300 8.191247
0.447439 8.102334
0.449577 8.012046
0.451716 7.920453
0.453855 7.827622
0.455993 7.733612
0.458132 7.638476
0.460271 7.542262
0.462410 7.445012
0.464548 7.346761
0.466687 7.247540
0.468826 7.147375
0.470965 7.046286
0.473104 6.944291
0.475242 6.841405
0.477381 6.737637
0.479520 6.634913
0.481659 6.645184
0.483797 6.652833
0.485936 6.657890
0.488075 6.660386
0.490214 6.660355
0.492352 6.657830
0.494491 6.652852
0.496630 6.645466
0.498769 6.635726
0.500907 6.623690
0.503046 6.609429
0.505185 6.593020
0.507324 6.574548
0.509462 6.554107
0.511601 6.531797
0.513740 6.507722
0.515879 6.481991
0.518017 6.454715
0.520156 6.426006
0.522295 6.395978
0.524434 6.364747
0.526572 6.332427
0.528711 6.299136
0.530850 6.264991
0.532989 6.230115
0.535127 6.194633
0.537266 6.158676
0.539405 6.122382
0.541544 6.085895
0.543682 6.049368
0.545821 6.012965
0.547960 5.976858
0.550099 5.941228
0.552238 5.906267
0.554376 5.872175
0.556515 5.839158
0.558654 5.807429
0.560793 5.777203
0.562931 5.748695
0.565070 5.722121
0.567209 5.697688
0.569348 5.675595
0.571486 5.656029
0.573625 5.639161
0.575764 5.625141
0.577903 5.614098
0.580041 5.606134
0.582180 5.601325
0.584319 5.599717


0.000000 9.983105
0.001235 9.982601
0.002470 9.981089
0.003704 9.978570
0.004939 9.975045
0.006174 9.970515
0.007409 9.964984
0.008644 9.958453
0.009879 9.950926
0.011113 9.942405
0.012348 9.932897
0.013583 9.922404
0.014818 9.910932
0.016053 9.898486
0.017287 9.885073
0.018522 9.870699
0.019757 9.855371
0.020992 9.839097
0.022227 9.821883
0.023461 9.803739
0.024696 9.784673
0.025931 9.764695
0.027166 9.743815
0.028401 9.722042
0.029635 9.699388
0.030870 9.675863
0.032105 9.651479
0.033340 9.626248
0.034575 9.600182
0.035810 9.573295
0.037044 9.545600
0.038279 9.517110
0.039514 9.487839
0.040749 9.457803
0.041984 9.427015
0.043218 9.395492
0.044453 9.363249
0.045688 9.330302
0.046923 9.296668
0.048158 9.262363
0.049392 9.227405
0.050627 9.191811
0.051862 9.155598
0.053097 9.118785
0.054332 9.081389
0.055566 9.043430
0.056801 9.004927
0.058036 8.965898
0.059271 8.926362
0.060506 8.886339
0.061740 8.845848
0.062975 8.804909
0.064210 8.763543
0.065445 8.721768
0.066680 8.679604
0.067915 8.637072
0.069149 8.594191
0.070384 8.550982
0.071619 8.507464
0.072854 8.463658
0.074089 8.419582
0.075324 8.375256
0.076558 8.330700
0.077793 8.285933
0.079028 8.240974
0.080263 8.195841
0.081498 8.150553
0.082732 8.105128
0.083967 8.059582
0.085202 8.013935
0.086437 7.968201
0.087672 7.922398
0.088906 7.876541
0.090141 7.830645
0.091376 7.784725
0.092611 7.738795
0.093846 7.692868
0.095080 7.646956
0.096315 7.601072
0.097550 7.555227
0.098785 7.509430
0.100020 7.463691
0.101254 7.418019
0.102489 7.372421
0.103724 7.391763
0.104959 7.414624
0.106194 7.437458
0.107429 7.460275
0.108663 7.483088
0.109898 7.505908
0.111133 7.528747
0.112368 7.551616
0.113603 7.574526
0.114837 7.597490
0.116072 7.620518
0.117307 7.643622
0.118542 7.666813
0.119777 7.690100
0.121011 7.713495
0.122246 7.737007
0.123481 7.760646

0.123481 7.760646
0.124716 7.760586
0.125951 7.760406
0.127186 7.760105
0.128420 7.759682
0.129655 7.759136
0.130890 7.758464
0.132125 7.757665
0.133360 7.756736
0.134594 7.755673
0.135829 7.754474
0.137064 7.753133
0.138299 7.751648
0.139534 7.750013
0.140768 7.748224
0.142003 7.746275
0.143238 7.744160
0.144473 7.741875
0.145708 7.739413
0.146943 7.736767
0.148177 7.733931
0.149412 7.730899
0.150647 7.727664
0.151882 7.724218
0.153117 7.720554
0.154351 7.716665
0.155586 7.712543
0.156821 7.708182
0.158056 7.703574
0.159291 7.698710
0.160525 7.693585
0.161760 7.688189
0.162995 7.682516
0.164230 7.676558
0.165465 7.670309
0.166700 7.663760
0.167934 7.656905
0.169169 7.649738
0.170404 7.642250
0.171639 7.634437
0.172874 7.626291
0.174108 7.617807
0.175343 7.608979
0.176578 7.599801
0.177813 7.590269
0.179048 7.580377
0.180282 7.570120
0.181517 7.559496
0.182752 7.548498
0.183987 7.537125
0.185222 7.525373
0.186456 7.513238
0.187691 7.500720
0.188926 7.487815
0.190161 7.474521
0.191396 7.467682
0.192631 7.491927
0.193865 7.516222
0.195100 7.540554
0.196335 7.564909
0.197570 7.589276
0.198805 7.613640
0.200039 7.637988
0.201274 7.662307
0.202509 7.686584
0.203744 7.710805
0.204979 7.734957
0.206213 7.759025
0.207448 7.782996
0.208683 7.806855
0.209918 7.830589
0.211153 7.854183
0.212388 7.877623
0.213622 7.900896
0.214857 7.923985
0.216092 7.946878
0.217327 7.969559
0.218561 7.992014
0.219796 8.014229
0.221031 8.036189
0.222266 8.057879
0.223501 8.079287
0.224736 8.100396
0.225970 8.121194
0.227205 8.141666
0.228440 8.161799
0.229675 8.181578
0.230910 8.200991
0.232145 8.220024
0.233379 8.238665
0.234614 8.256900
0.235849 8.274717
0.237084 8.292104
0.238318 8.309050
0.239553 8.325543
0.240788 8.341571
0.242023 8.357124
0.243258 8.372192
0.244493 8.386765
0.245727 8.400834
0.246962 8.414389

0.246962 8.414389
0.248197 8.414820
0.249432 8.416113
0.250667 8.418265
0.251901 8.421272
0.253136 8.425129
0.254371 8.429829
0.255606 8.435363
0.256841 8.441721
0.258076 8.448892
0.259310 8.456862
0.260545 8.465619
0.261780 8.475147
0.263015 8.485429
0.264250 8.496448
0.265484 8.508185
0.266719 8.520622
0.267954 8.533739
0.269189 8.547513
0.270424 8.561924
0.271658 8.576950
0.272893 8.592567
0.274128 8.608753
0.275363 8.625483
0.276598 8.642733
0.277832 8.660480
0.279067 8.678698
0.280302 8.697363
0.281537 8.716450
0.282772 8.735934
0.284006 8.755789
0.285241 8.775992
0.286476 8.796516
0.287711 8.817337
0.288946 8.838430
0.290181 8.859772
0.291415 8.881337
0.292650 8.903101
0.293885 8.925040
0.295120 8.947132
0.296355 8.969352
0.297589 8.991678
0.298824 9.014088
0.300059 9.036558
0.301294 9.059067
0.302529 9.081594
0.303764 9.104117
0.304998 9.126616
0.306233 9.149069
0.307468 9.171458
0.308703 9.193762
0.309938 9.215962
0.311172 9.238040
0.312407 9.259976
0.313642 9.281752
0.314877 9.303351
0.316112 9.324755
0.317346 9.345947
0.318581 9.366910
0.319816 9.387627
0.321051 9.408083
0.322286 9.428262
0.323520 9.448147
0.324755 9.467724
0.325990 9.486978
0.327225 9.505894
0.328460 9.524457
0.329695 9.542653
0.330929 9.560470
0.332164 9.577892
0.333399 9.594907
0.334634 9.611502
0.335869 9.627664
0.337103 9.643381
0.338338 9.658640
0.339573 9.673430
0.340808 9.687740
0.342043 9.701557
0.343278 9.714872
0.344512 9.727673
0.345747 9.739951
0.346982 9.751696
0.348217 9.762898
0.349452 9.773549
0.350686 9.783639
0.351921 9.793161
0.353156 9.802106
0.354391 9.810467
0.355626 9.818238
0.356860 9.825411
0.358095 9.831981
0.359330 9.837943
0.360565 9.843290
0.361800 9.848020
0.363034 9.852127
0.364269 9.855608
0.365504 9.858460
0.366739 9.860681
0.367974 9.862269
0.369208 9.863222
0.370443 9.863540

0.370443 9.863540
0.372582 9.862728
0.374721 9.860294
0.376860 9.856247
0.378998 9.850599
0.381137 9.843368
0.383276 9.834577
0.385415 9.824255
0.387553 9.812434
0.389692 9.799155
0.391831 9.784459
0.393970 9.768396
0.396108 9.751020
0.398247 9.732388
0.400386 9.712564
0.402525 9.691615
0.404663 9.669612
0.406802 9.646631
0.408941 9.622750
0.411080 9.598050
0.413218 9.572616
0.415357 9.546531
0.417496 9.519884
0.419635 9.492760
0.421773 9.465247
0.423912 9.437429
0.426051 9.409392
0.428190 9.381215
0.430328 9.352977
0.432467 9.324753
0.434606 9.296614
0.436745 9.268624
0.438883 9.240846
0.441022 9.213337
0.443161 9.186149
0.445300 9.159330
0.447439 9.132928
0.449577 9.106986
0.451716 9.081546
0.453855 9.056651
0.455993 9.032349
0.458132 9.008686
0.460271 8.985720
0.462410 8.963511
0.464548 8.942131
0.466687 8.921663
0.468826 8.902202
0.470965 8.883854
0.473104 8.866741
0.475242 8.850997
0.477381 8.836771
0.479520 8.824220
0.481659 8.813514
0.483797 8.804827
0.485936 8.798334
0.488075 8.794212
0.490214 8.792627
0.492352 8.793736
0.494491 8.797676
0.496630 8.804562
0.498769 8.814483
0.500907 8.827496
0.503046 8.843624
0.505185 8.862852
0.507324 8.885130
0.509462 8.910371
0.511601 8.938453
0.513740 8.969220
0.515879 9.002485
0.518017 9.038038
0.520156 9.075641
0.522295 9.115043
0.524434 9.155975
0.526572 9.198159
0.528711 9.241310
0.530850 9.285144
0.532989 9.329374
0.535127 9.373722
0.537266 9.417914
0.539405 9.461688
0.541544 9.504796
0.543682 9.547001
0.545821 9.588085
0.547960 9.627843
0.550099 9.666091
0.552238 9.702661
0.554376 9.737403
0.556515 9.770183
0.558654 9.800887
0.560793 9.829412
0.562931 9.855675
0.565070 9.879603
0.567209 9.901136
0.569348 9.920227
0.571486 9.936836
0.573625 9.950933
0.575764 9.962495
0.577903 9.971503
0.580041 9.977946
0.582180 9.981815
0.584319 9.983105


0.000000 9.983105
0.001235 9.982712
0.002470 9.981533
0.003704 9.979569
0.004939 9.976822
0.006174 9.973293
0.007409 9.968985
0.008644 9.963901
0.009879 9.958045
0.011113 9.951422
0.012348 9.944036
0.013583 9.935892
0.014818 9.926996
0.016053 9.917356
0.017287 9.906978
0.018522 9.895869
0.019757 9.884038
0.020992 9.871493
0.022227 9.858245
0.023461 9.844301
0.024696 9.829673
0.025931 9.814371
0.027166 9.798407
0.028401 9.781791
0.029635 9.764537
0.030870 9.746656
0.032105 9.728161
0.033340 9.709067
0.034575 9.689387
0.035810 9.669134
0.037044 9.648324
0.038279 9.626972
0.039514 9.605093
0.040749 9.582702
0.041984 9.559816
0.043218 9.536451
0.044453 9.512624
0.045688 9.488350
0.046923 9.463649
0.048158 9.438536
0.049392 9.413029
0.050627 9.387147
0.051862 9.360906
0.053097 9.334326
0.054332 9.307423
0.055566 9.280217
0.056801 9.252725
0.058036 9.224967
0.059271 9.196959
0.060506 9.168722
0.061740 9.140273
0.062975 9.111630
0.064210 9.082811
0.065445 9.053835
0.066680 9.024720
0.067915 8.995483
0.069149 8.966142
0.070384 8.936714
0.071619 8.907217
0.072854 8.877666
0.074089 8.848080
0.075324 8.818473
0.076558 8.788862
0.077793 8.759262
0.079028 8.729687
0.080263 8.700154
0.081498 8.670675
0.082732 8.641264
0.083967 8.611935
0.085202 8.582699
0.086437 8.553570
0.087672 8.524557
0.088906 8.495672
0.090141 8.466925
0.091376 8.438326
0.092611 8.409883
0.093846 8.381604
0.095080 8.353497
0.096315 8.325569
0.097550 8.297825
0.098785 8.270271
0.100020 8.242911
0.101254 8.215749
0.102489 8.188788
0.103724 8.162031
0.104959 8.135479
0.106194 8.109133
0.107429 8.082992
0.108663 8.057057
0.109898 8.031326
0.111133 8.005796
0.112368 7.980465
0.113603 7.955330
0.114837 7.930385
0.116072 7.905627
0.117307 7.881050
0.118542 7.856648
0.119777 7.832414
0.121011 7.808341
0.122246 7.784421
0.123481 7.760646

0.123481 7.760646
0.124716 7.761116
0.125951 7.762525
0.127186 7.764864
0.128420 7.768122
0.129655 7.772283
0.130890 7.777327
0.132125 7.783227
0.133360 7.789959
0.134594 7.797490
0.135829 7.805788
0.137064 7.814819
0.138299 7.824546
0.139534 7.834931
0.140768 7.845938
0.142003 7.857528
0.143238 7.869662
0.144473 7.882302
0.145708 7.895411
0.146943 7.908951
0.148177 7.922887
0.149412 7.937183
0.150647 7.951804
0.151882 7.966716
0.153117 7.981888
0.154351 7.997287
0.155586 8.012882
0.156821 8.028644
0.158056 8.044544
0.159291 8.060555
0.160525 8.076649
0.161760 8.092800
0.162995 8.108983
0.164230 8.125173
0.165465 8.141347
0.166700 8.157481
0.167934 8.173553
0.169169 8.189542
0.170404 8.205426
0.171639 8.221185
0.172874 8.236798
0.174108 8.252246
0.175343 8.267511
0.176578 8.282574
0.177813 8.297416
0.179048 8.312020
0.180282 8.326370
0.181517 8.340448
0.182752 8.354238
0.183987 8.367725
0.185222 8.380894
0.186456 8.393728
0.187691 8.406214
0.188926 8.418337
0.190161 8.430085
0.191396 8.441442
0.192631 8.452397
0.193865 8.462936
0.195100 8.473048
0.196335 8.482721
0.197570 8.491943
0.198805 8.500704
0.200039 8.508992
0.201274 8.516798
0.202509 8.524112
0.203744 8.530924
0.204979 8.537226
0.206213 8.543009
0.207448 8.548264
0.208683 8.552985
0.209918 8.557165
0.211153 8.560795
0.212388 8.563871
0.213622 8.566386
0.214857 8.568335
0.216092 8.569713
0.217327 8.570515
0.218561 8.570738
0.219796 8.570379
0.221031 8.569433
0.222266 8.567899
0.223501 8.565775
0.224736 8.563060
0.225970 8.559751
0.227205 8.555849
0.228440 8.551355
0.229675 8.546268
0.230910 8.540589
0.232145 8.534321
0.233379 8.527465
0.234614 8.520023
0.235849 8.512001
0.237084 8.503399
0.238318 8.494224
0.239553 8.484480
0.240788 8.474172
0.242023 8.463305
0.243258 8.451887
0.244493 8.439923
0.245727 8.427421
0.246962 8.414389

0.246962 8.414389
0.248197 8.414820
0.249432 8.416113
0.250667 8.418265
0.251901 8.421272
0.253136 8.425129
0.254371 8.429829
0.255606 8.435363
0.256841 8.441721
0.258076 8.448892
0.259310 8.456862
0.260545 8.465619
0.261780 8.475147
0.263015 8.485429
0.264250 8.496448
0.265484 8.508185
0.266719 8.520622
0.267954 8.533739
0.269189 8.547513
0.270424 8.561924
0.271658 8.576950
0.272893 8.592567
0.274128 8.608753
0.275363 8.625483
0.276598 8.642733
0.277832 8.660480
0.279067 8.678698
0.280302 8.697363
0.281537 8.716450
0.282772 8.735934
0.284006 8.755789
0.285241 8.775992
0.286476 8.796516
0.287711 8.817337
0.288946 8.838430
0.290181 8.859772
0.291415 8.881337
0.292650 8.903101
0.293885 8.925040
0.295120 8.947132
0.296355 8.969352
0.297589 8.991678
0.298824 9.014088
0.300059 9.036558
0.301294 9.059067
0.302529 9.081594
0.303764 9.104117
0.304998 9.126616
0.306233 9.149069
0.307468 9.171458
0.308703 9.193762
0.309938 9.215962
0.311172 9.238040
0.312407 9.259976
0.313642 9.281752
0.314877 9.303351
0.316112 9.324755
0.317346 9.345947
0.318581 9.366910
0.319816 9.387627
0.321051 9.408083
0.322286 9.428262
0.323520 9.448147
0.324755 9.467724
0.325990 9.486978
0.327225 9.505894
0.328460 9.524457
0.329695 9.542653
0.330929 9.560470
0.332164 9.577892
0.333399 9.594907
0.334634 9.611502
0.335869 9.627664
0.337103 9.643381
0.338338 9.658640
0.339573 9.673430
0.340808 9.687740
0.342043 9.701557
0.343278 9.714872
0.344512 9.727673
0.345747 9.739951
0.346982 9.751696
0.348217 9.762898
0.349452 9.773549
0.350686 9.783639
0.351921 9.793161
0.353156 9.802106
0.354391 9.810467
0.355626 9.818238
0.356860 9.825411
0.358095 9.831981
0.359330 9.837943
0.360565 9.843290
0.361800 9.848020
0.363034 9.852127
0.364269 9.855608
0.365504 9.858460
0.366739 9.860681
0.367974 9.862269
0.369208 9.863222
0.370443 9.863540

0.370443 9.863540
0.372582 9.862728
0.374721 9.860294
0.376860 9.856247
0.378998 9.850599
0.381137 9.843368
0.383276 9.834577
0.385415 9.824255
0.387553 9.812434
0.389692 9.799155
0.391831 9.784459
0.393970 9.768396
0.396108 9.751020
0.398247 9.732388
0.400386 9.712564
0.402525 9.691615
0.404663 9.669612
0.406802 9.646631
0.408941 9.622750
0.411080 9.598050
0.413218 9.572616
0.415357 9.546531
0.417496 9.519884
0.419635 9.492760
0.421773 9.465247
0.423912 9.437429
0.426051 9.409392
0.428190 9.381215
0.430328 9.352977
0.432467 9.324753
0.434606 9.296614
0.436745 9.268624
0.438883 9.240846
0.441022 9.213337
0.443161 9.186149
0.445300 9.159330
0.447439 9.132928
0.449577 9.106986
0.451716 9.081546
0.453855 9.056651
0.455993 9.032349
0.458132 9.008686
0.460271 8.985720
0.462410 8.963511
0.464548 8.942131
0.466687 8.921663
0.468826 8.902202
0.470965 8.883854
0.473104 8.866741
0.475242 8.850997
0.477381 8.836771
0.479520 8.824220
0.481659 8.813514
0.483797 8.804827
0.485936 8.798334
0.488075 8.794212
0.490214 8.792627
0.492352 8.793736
0.494491 8.797676
0.496630 8.804562
0.498769 8.814483
0.500907 8.827496
0.503046 8.843624
0.505185 8.862852
0.507324 8.885130
0.509462 8.910371
0.511601 8.938453
0.513740 8.969220
0.515879 9.002485
0.518017 9.038038
0.520156 9.075641
0.522295 9.115043
0.524434 9.155975
0.526572 9.198159
0.528711 9.241310
0.530850 9.285144
0.532989 9.329374
0.535127 9.373722
0.537266 9.417914
0.539405 9.461688
0.541544 9.504796
0.543682 9.547001
0.545821 9.588085
0.547960 9.627843
0.550099 9.666091
0.552238 9.702661
0.554376 9.737403
0.556515 9.770183
0.558654 9.800887
0.560793 9.829412
0.562931 9.855675
0.565070 9.879603
0.567209 9.901136
0.569348 9.920227
0.571486 9.936836
0.573625 9.950933
0.575764 9.962495
0.577903 9.971503
0.580041 9.977946
0.582180 9.981815
0.584319 9.983105


0.000000 9.983105
0.001235 9.982712
0.002470 9.981533
0.003704 9.979569
0.004939 9.976822
0.006174 9.973293
0.007409 9.968985
0.008644 9.963901
0.009879 9.958045
0.011113 9.951422
0.012348 9.944036
0.013583 9.935892
0.014818 9.926996
0.016053 9.917356
0.017287 9.906978
0.018522 9.895869
0.019757 9.884038
0.020992 9.871493
0.022227 9.858245
0.023461 9.844301
0.024696 9.829673
0.025931 9.814371
0.027166 9.798407
0.028401 9.781791
0.029635 9.764537
0.030870 9.746656
0.032105 9.728161
0.033340 9.709067
0.034575 9.689387
0.035810 9.669134
0.037044 9.648324
0.038279 9.626972
0.039514 9.605093
0.040749 9.582702
0.041984 9.559816
0.043218 9.536451
0.044453 9.512624
0.045688 9.488350
0.046923 9.463649
0.048158 9.438536
0.049392 9.413029
0.050627 9.387147
0.051862 9.360906
0.053097 9.334326
0.054332 9.307423
0.055566 9.280217
0.056801 9.252725
0.058036 9.224967
0.059271 9.196959
0.060506 9.168722
0.061740 9.140273
0.062975 9.111630
0.064210 9.082811
0.065445 9.053835
0.066680 9.024720
0.067915 8.995483
0.069149 8.966142
0.070384 8.936714
0.071619 8.907217
0.072854 8.877666
0.074089 8.848080
0.075324 8.818473
0.076558 8.788862
0.077793 8.759262
0.079028 8.729687
0.080263 8.700154
0.081498 8.670675
0.082732 8.641264
0.083967 8.611935
0.085202 8.582699
0.086437 8.553570
0.087672 8.524557
0.088906 8.495672
0.090141 8.466925
0.091376 8.438326
0.092611 8.409883
0.093846 8.381604
0.095080 8.353497
0.096315 8.325569
0.097550 8.297825
0.098785 8.270271
0.100020 8.242911
0.101254 8.215749
0.102489 8.188788
0.103724 8.162031
0.104959 8.135479
0.106194 8.109133
0.107429 8.082992
0.108663 8.057057
0.109898 8.031326
0.111133 8.005796
0.112368 7.980465
0.113603 7.955330
0.114837 7.930385
0.116072 7.905627
0.117307 7.881050
0.118542 7.856648
0.119777 7.832414
0.121011 7.808341
0.122246 7.784421
0.123481 7.760646

0.123481 7.760646
0.124716 7.761116
0.125951 7.762525
0.127186 7.764864
0.128420 7.768122
0.129655 7.772283
0.130890 7.777327
0.132125 7.783227
0.133360 7.789959
0.134594 7.797490
0.135829 7.805788
0.137064 7.814819
0.138299 7.824546
0.139534 7.834931
0.140768 7.845938
0.142003 7.857528
0.143238 7.869662
0.144473 7.882302
0.145708 7.895411
0.146943 7.908951
0.148177 7.922887
0.149412 7.937183
0.150647 7.951804
0.151882 7.966716
0.153117 7.981888
0.154351 7.997287
0.155586 8.012882
0.156821 8.028644
0.158056 8.044544
0.159291 8.060555
0.160525 8.076649
0.161760 8.092800
0.162995 8.108983
0.164230 8.125173
0.165465 8.141347
0.166700 8.157481
0.167934 8.173553
0.169169 8.189542
0.170404 8.205426
0.171639 8.221185
0.172874 8.236798
0.174108 8.252246
0.175343 8.267511
0.176578 8.282574
0.177813 8.297416
0.179048 8.312020
0.180282 8.326370
0.181517 8.340448
0.182752 8.354238
0.183987 8.367725
0.185222 8.380894
0.186456 8.393728
0.187691 8.406214
0.188926 8.418337
0.190161 8.430085
0.191396 8.441442
0.192631 8.452397
0.193865 8.462936
0.195100 8.473048
0.196335 8.482721
0.197570 8.491943
0.198805 8.500704
0.200039 8.508992
0.201274 8.516798
0.202509 8.524112
0.203744 8.530924
0.204979 8.537226
0.206213 8.543009
0.207448 8.548264
0.208683 8.552985
0.209918 8.557165
0.211153 8.560795
0.212388 8.563871
0.213622 8.566386
0.214857 8.568335
0.216092 8.569713
0.217327 8.570515
0.218561 8.570738
0.219796 8.570379
0.221031 8.569433
0.222266 8.567899
0.223501 8.565775
0.224736 8.563060
0.225970 8.559751
0.227205 8.555849
0.228440 8.551355
0.229675 8.546268
0.230910 8.540589
0.232145 8.534321
0.233379 8.527465
0.234614 8.520023
0.235849 8.512001
0.237084 8.503399
0.238318 8.494224
0.239553 8.484480
0.240788 8.474172
0.242023 8.463305
0.243258 8.451887
0.244493 8.439923
0.245727 8.427421
0.246962 8.414389

0.246962 8.414389
0.248197 8.414820
0.249432 8.416113
0.250667 8.418265
0.251901 8.421272
0.253136 8.425129
0.254371 8.429829
0.255606 8.435363
0.256841 8.441721
0.258076 8.448892
0.259310 8.456862
0.260545 8.465619
0.261780 8.475147
0.263015 8.485429
0.264250 8.496448
0.265484 8.508185
0.266719 8.520622
0.267954 8.533739
0.269189 8.547513
0.270424 8.561924
0.271658 8.576950
0.272893 8.592567
0.274128 8.608753
0.275363 8.625483
0.276598 8.642733
0.277832 8.660480
0.279067 8.678698
0.280302 8.697363
0.281537 8.716450
0.282772 8.735934
0.284006 8.755789
0.285241 8.775992
0.286476 8.796516
0.287711 8.817337
0.288946 8.838430
0.290181 8.859772
0.291415 8.881337
0.292650 8.903101
0.293885 8.925040
0.295120 8.947132
0.296355 8.969352
0.297589 8.991678
0.298824 9.014088
0.300059 9.036558
0.301294 9.059067
0.302529 9.081594
0.303764 9.104117
0.304998 9.126616
0.306233 9.149069
0.307468 9.171458
0.308703 9.193762
0.309938 9.215962
0.311172 9.238040
0.312407 9.259976
0.313642 9.281752
0.314877 9.303351
0.316112 9.324755
0.317346 9.345947
0.318581 9.366910
0.319816 9.387627
0.321051 9.408083
0.322286 9.428262
0.323520 9.448147
0.324755 9.467724
0.325990 9.486978
0.327225 9.505894
0.328460 9.524457
0.329695 9.542653
0.330929 9.560470
0.332164 9.577892
0.333399 9.594907
0.334634 9.611502
0.335869 9.627664
0.337103 9.643381
0.338338 9.658640
0.339573 9.673430
0.340808 9.687740
0.342043 9.701557
0.343278 9.714872
0.344512 9.727673
0.345747 9.739951
0.346982 9.751696
0.348217 9.762898
0.349452 9.773549
0.350686 9.783639
0.351921 9.793161
0.353156 9.802106
0.354391 9.810467
0.355626 9.818238
0.356860 9.825411
0.358095 9.831981
0.359330 9.837943
0.360565 9.843290
0.361800 9.848020
0.363034 9.852127
0.364269 9.855608
0.365504 9.858460
0.366739 9.860681
0.367974 9.862269
0.369208 9.863222
0.370443 9.863540

0.370443 9.863540
0.372582 9.862728
0.374721 9.860294
0.376860 9.856247
0.378998 9.850599
0.381137 9.843368
0.383276 9.834577
0.385415 9.824255
0.387553 9.812434
0.389692 9.799155
0.391831 9.784459
0.393970 9.768396
0.396108 9.751020
0.398247 9.732388
0.400386 9.712564
0.402525 9.691615
0.404663 9.669612
0.406802 9.646631
0.408941 9.622750
0.411080 9.598050
0.413218 9.572616
0.415357 9.546531
0.417496 9.519884
0.419635 9.492760
0.421773 9.465247
0.423912 9.437429
0.426051 9.409392
0.428190 9.381215
0.430328 9.352977
0.432467 9.324753
0.434606 9.296614
0.436745 9.268624
0.438883 9.240846
0.441022 9.213337
0.443161 9.186149
0.445300 9.159330
0.447439 9.132928
0.449577 9.106986
0.451716 9.081546
0.453855 9.056651
0.455993 9.032349
0.458132 9.008686
0.460271 8.985720
0.462410 8.963511
0.464548 8.942131
0.466687 8.921663
0.468826 8.902202
0.470965 8.883854
0.473104 8.866741
0.475242 8.850997
0.477381 8.836771
0.479520 8.824220
0.481659 8.813514
0.483797 8.804827
0.485936 8.798334
0.488075 8.794212
0.490214 8.792627
0.492352 8.793736
0.494491 8.797676
0.496630 8.804562
0.498769 8.814483
0.500907 8.827496
0.503046 8.843624
0.505185 8.862852
0.507324 8.885130
0.509462 8.910371
0.511601 8.938453
0.513740 8.969220
0.515879 9.002485
0.518017 9.038038
0.520156 9.075641
0.522295 9.115043
0.524434 9.155975
0.526572 9.198159
0.528711 9.241310
0.530850 9.285144
0.532989 9.329374
0.535127 9.373722
0.537266 9.417914
0.539405 9.461688
0.541544 9.504796
0.543682 9.547001
0.545821 9.588085
0.547960 9.627843
0.550099 9.666091
0.552238 9.702661
0.554376 9.737403
0.556515 9.770183
0.558654 9.800887
0.560793 9.829412
0.562931 9.855675
0.565070 9.879603
0.567209 9.901136
0.569348 9.920227
0.571486 9.936836
0.573625 9.950933
0.575764 9.962495
0.577903 9.971503
0.580041 9.977946
0.582180 9.981815
0.584319 9.983105



